13 0.037736 0.781214 0.046444 0.220537
13 0.087446 0.778880 0.044267 0.220537
11 0.138607 0.767795 0.050798 0.189032
9 0.185051 0.771879 0.044993 0.194866
9 0.234761 0.763711 0.042816 0.176196
8 0.276851 0.767795 0.035559 0.179697
7 0.325109 0.762544 0.042090 0.185531
7 0.374819 0.771879 0.044267 0.194866
7 0.420900 0.755543 0.046444 0.157526
7 0.463716 0.751459 0.039187 0.151692
5 0.509797 0.735123 0.044267 0.133022
5 0.563861 0.747375 0.037736 0.131855
4 0.605588 0.747375 0.048621 0.138856
4 0.656749 0.747375 0.042090 0.150525
3 0.701742 0.740957 0.046444 0.135356
3 0.748549 0.743874 0.048621 0.159860
3 0.795356 0.754376 0.043541 0.152859
0 0.843614 0.750292 0.044267 0.147025
0 0.886067 0.758460 0.039187 0.172695
11 0.794993 0.372229 0.041364 0.112019
7 0.470247 0.132439 0.023222 0.064177
7 0.493469 0.133606 0.023222 0.064177
5 0.517417 0.133606 0.020319 0.059510
