13 0.027696 0.804087 0.048006 0.237981
13 0.078287 0.804688 0.041359 0.234375
11 0.122600 0.804688 0.041359 0.234375
9 0.170606 0.804688 0.042836 0.241587
9 0.217504 0.803486 0.040620 0.231971
8 0.261448 0.804087 0.044313 0.233173
7 0.309823 0.803486 0.039143 0.222356
7 0.360414 0.785457 0.041359 0.186298
7 0.407312 0.783654 0.043575 0.173077
7 0.449040 0.773438 0.044313 0.179087
6 0.499631 0.768029 0.046529 0.156250
5 0.543575 0.768630 0.042836 0.162260
5 0.590473 0.773438 0.052437 0.167067
4 0.637371 0.756611 0.039882 0.143029
4 0.684269 0.756611 0.037666 0.133413
3 0.732275 0.757212 0.043575 0.132212
3 0.777696 0.756611 0.047267 0.133413
3 0.825702 0.768029 0.044313 0.139423
0 0.870015 0.756611 0.044313 0.147837
0 0.918021 0.756611 0.048744 0.147837
7 0.479690 0.132212 0.022895 0.064904
7 0.501108 0.131611 0.025849 0.070913
5 0.523634 0.131611 0.020679 0.063702
