14 0.029411764705882353 0.775 0.05 0.12
11 0.08823529411764706 0.775 0.05 0.12
9 0.14705882352941177 0.775 0.05 0.12
9 0.20588235294117646 0.775 0.05 0.12
6 0.2647058823529412 0.775 0.05 0.12
6 0.3235294117647059 0.775 0.05 0.12
6 0.38235294117647057 0.775 0.05 0.12
6 0.4411764705882353 0.775 0.05 0.12
5 0.5 0.775 0.05 0.12
5 0.5588235294117647 0.775 0.05 0.12
5 0.6176470588235294 0.775 0.05 0.12
5 0.6764705882352942 0.775 0.05 0.12
4 0.7352941176470589 0.775 0.05 0.12
1 0.7941176470588235 0.775 0.05 0.12
1 0.8529411764705882 0.775 0.05 0.12
1 0.9117647058823529 0.775 0.05 0.12
0 0.9705882352941176 0.775 0.05 0.12
