12 0.030303030303030304 0.775 0.05 0.12
12 0.09090909090909091 0.775 0.05 0.12
9 0.15151515151515152 0.775 0.05 0.12
8 0.21212121212121213 0.775 0.05 0.12
8 0.2727272727272727 0.775 0.05 0.12
8 0.3333333333333333 0.775 0.05 0.12
7 0.3939393939393939 0.775 0.05 0.12
7 0.45454545454545453 0.775 0.05 0.12
7 0.5151515151515151 0.775 0.05 0.12
7 0.5757575757575758 0.775 0.05 0.12
6 0.6363636363636364 0.775 0.05 0.12
5 0.696969696969697 0.775 0.05 0.12
5 0.7575757575757576 0.775 0.05 0.12
5 0.8181818181818182 0.775 0.05 0.12
5 0.8787878787878788 0.775 0.05 0.12
1 0.9393939393939394 0.775 0.05 0.12
1 1.0 0.775 0.05 0.12
