12 0.109868 0.715947 0.043744 0.079734
12 0.158444 0.720100 0.035097 0.078073
12 0.211343 0.718854 0.032045 0.078904
12 0.255341 0.717193 0.040692 0.082226
11 0.307223 0.715532 0.036623 0.078904
8 0.353510 0.714286 0.030519 0.078073
6 0.406918 0.718854 0.035605 0.080565
6 0.455748 0.718439 0.041709 0.076412
6 0.503561 0.715947 0.035605 0.079734
6 0.553154 0.718854 0.035097 0.073920
3 0.604273 0.717193 0.038657 0.072259
3 0.653103 0.720100 0.027467 0.079734
3 0.704985 0.715532 0.039674 0.080565
1 0.754578 0.718439 0.033062 0.076412
1 0.803917 0.720100 0.032045 0.078073
0 0.851984 0.717193 0.037640 0.077243
0 0.901577 0.720100 0.032045 0.076412
