14 0.026219 0.786058 0.030281 0.189904
13 0.074225 0.787861 0.036189 0.200721
11 0.125185 0.730168 0.040620 0.085337
9 0.170606 0.730168 0.038405 0.085337
9 0.217504 0.725962 0.037666 0.081731
8 0.265510 0.725361 0.033235 0.075721
7 0.312408 0.730769 0.042836 0.086538
7 0.357829 0.727163 0.039143 0.076923
7 0.405835 0.732572 0.039143 0.085337
7 0.451256 0.731370 0.039882 0.085337
6 0.497046 0.725361 0.033973 0.080529
5 0.543944 0.725361 0.033235 0.082933
5 0.593427 0.725962 0.037666 0.081731
4 0.638479 0.730769 0.036189 0.086538
4 0.687962 0.725962 0.033235 0.074519
3 0.730798 0.725962 0.036189 0.084135
3 0.780281 0.726562 0.031758 0.078125
3 0.825702 0.730168 0.038405 0.085337
0 0.874077 0.725962 0.036189 0.074519
0 0.919498 0.725962 0.032496 0.079327
