12 0.116547 0.713287 0.033094 0.074592
11 0.165468 0.715618 0.037410 0.074592
11 0.214029 0.710956 0.035252 0.069930
8 0.261511 0.710956 0.030935 0.069930
8 0.311871 0.710956 0.030935 0.072261
7 0.358993 0.710956 0.037410 0.079254
7 0.408993 0.713287 0.035252 0.079254
6 0.460432 0.713287 0.031655 0.074592
6 0.510432 0.715618 0.035252 0.074592
4 0.557914 0.708625 0.029496 0.074592
4 0.605396 0.710956 0.032374 0.076923
3 0.656835 0.713287 0.034532 0.083916
2 0.703957 0.710956 0.035252 0.079254
1 0.753957 0.715618 0.040288 0.076923
0 0.803957 0.710956 0.033813 0.069930
0 0.852878 0.715618 0.032374 0.076923
