1 0.471429 0.053241 0.019913 0.067593
1 0.491126 0.053241 0.019481 0.063889
1 0.510823 0.051389 0.019913 0.075000
8 0.708442 0.317593 0.026407 0.140741
8 0.732468 0.305556 0.024242 0.131481
8 0.760390 0.318519 0.024675 0.133333
0 0.786797 0.318519 0.027273 0.135185
14 0.138745 0.755556 0.035065 0.255556
13 0.177706 0.755556 0.027273 0.244444
12 0.221429 0.768519 0.029870 0.248148
11 0.268615 0.705556 0.030736 0.144444
11 0.302165 0.716204 0.037229 0.149074
10 0.348918 0.705556 0.041558 0.150000
10 0.388745 0.705556 0.041558 0.142593
9 0.430087 0.704630 0.029870 0.148148
9 0.469481 0.705556 0.036797 0.155556
8 0.515152 0.718056 0.036364 0.169444
6 0.597403 0.718519 0.027706 0.137037
6 0.632468 0.718519 0.032900 0.137037
7 0.552165 0.705556 0.035065 0.138889
5 0.678139 0.718519 0.035065 0.140741
4 0.719048 0.715278 0.032900 0.137963
4 0.756494 0.705556 0.028139 0.137037
2 0.798918 0.716667 0.033333 0.144444
