4 0.467100 0.043056 0.019048 0.052778
4 0.484416 0.043056 0.018182 0.043519
4 0.503247 0.043056 0.015152 0.047222
12 0.142208 0.681019 0.033333 0.075000
12 0.182468 0.680556 0.031602 0.081481
12 0.225758 0.680556 0.033333 0.081481
11 0.264719 0.680556 0.036797 0.092593
11 0.307576 0.680556 0.034199 0.081481
11 0.346537 0.681019 0.026407 0.073148
11 0.386797 0.680556 0.037662 0.081481
10 0.425758 0.681019 0.034199 0.076852
6 0.469481 0.680556 0.036797 0.094444
6 0.512771 0.680556 0.035931 0.081481
6 0.549784 0.691204 0.030303 0.089815
6 0.593074 0.690278 0.027706 0.087963
6 0.633117 0.680556 0.029870 0.094444
3 0.673810 0.692130 0.037662 0.087963
1 0.717100 0.680556 0.030736 0.081481
1 0.758442 0.691204 0.038095 0.089815
1 0.801732 0.693056 0.033766 0.084259
