14 0.138745 0.755556 0.029004 0.244444
10 0.181169 0.706019 0.035931 0.119444
10 0.221429 0.705556 0.033333 0.144444
10 0.267100 0.706019 0.032035 0.137963
9 0.306061 0.705556 0.038961 0.138889
9 0.345455 0.705556 0.037229 0.144444
9 0.386797 0.705556 0.035065 0.144444
6 0.425758 0.718056 0.031602 0.156481
5 0.471429 0.718519 0.032900 0.138889
4 0.512338 0.715278 0.033333 0.137963
4 0.552165 0.718519 0.034199 0.142593
3 0.595455 0.718519 0.030736 0.153704
3 0.636797 0.705556 0.032900 0.135185
3 0.683983 0.715278 0.039827 0.150926
3 0.714719 0.705556 0.038095 0.135185
2 0.758442 0.705556 0.031169 0.144444
0 0.802814 0.714352 0.034199 0.149074
