12 0.472662 0.129371 0.018705 0.060606
10 0.493885 0.138695 0.025180 0.067599
5 0.517626 0.134033 0.032374 0.065268
14 0.781655 0.383450 0.020863 0.137529
12 0.115468 0.741259 0.052518 0.146853
11 0.162590 0.745921 0.047482 0.146853
11 0.214029 0.738928 0.046763 0.130536
8 0.261511 0.731935 0.042446 0.121212
8 0.312590 0.741259 0.042446 0.135198
7 0.361511 0.741259 0.053957 0.132867
7 0.405396 0.734266 0.039568 0.123543
6 0.458993 0.738928 0.041727 0.130536
6 0.509353 0.736597 0.038849 0.121212
4 0.557554 0.738928 0.037410 0.128205
4 0.606475 0.741259 0.038849 0.130536
3 0.653957 0.736597 0.044604 0.135198
2 0.705396 0.743590 0.043885 0.132867
1 0.756475 0.738928 0.049640 0.130536
0 0.801439 0.743590 0.040288 0.123543
0 0.847842 0.741259 0.042446 0.125874
