12 0.472583 0.134977 0.023088 0.063380
10 0.494589 0.137911 0.025253 0.059859
5 0.516595 0.139085 0.020202 0.059859
4 0.426407 0.561620 0.030303 0.139671
3 0.456710 0.562207 0.028860 0.126761
2 0.485931 0.558099 0.031025 0.139671
1 0.515152 0.558099 0.030303 0.118545
0 0.548341 0.549296 0.038961 0.119718
11 0.244589 0.751174 0.049062 0.136150
11 0.299423 0.751761 0.040404 0.137324
8 0.347042 0.743545 0.040404 0.130282
8 0.394661 0.751761 0.033189 0.134977
7 0.444084 0.751174 0.045455 0.140845
7 0.491703 0.742958 0.038240 0.129108
6 0.539683 0.747653 0.044733 0.136150
6 0.594517 0.747653 0.030303 0.136150
4 0.645022 0.743545 0.038961 0.139671
0 0.692641 0.742958 0.043290 0.136150
