12 0.143074 0.718519 0.034199 0.151852
12 0.180087 0.715278 0.039827 0.137963
11 0.223810 0.718519 0.037229 0.153704
11 0.265152 0.718519 0.048918 0.153704
8 0.305195 0.716204 0.033766 0.163889
7 0.349351 0.718519 0.037229 0.144444
7 0.384416 0.718519 0.040693 0.138889
7 0.428139 0.717593 0.037229 0.150000
7 0.469481 0.717130 0.041126 0.150926
6 0.510823 0.705556 0.045887 0.144444
4 0.552165 0.715278 0.034199 0.134259
4 0.595455 0.716204 0.036797 0.152778
3 0.641126 0.715741 0.035498 0.146296
3 0.673810 0.717593 0.035065 0.142593
3 0.717100 0.705556 0.034199 0.144444
0 0.758442 0.706019 0.042424 0.149074
0 0.801732 0.705556 0.036364 0.144444
