14 0.138745 0.765278 0.032468 0.250926
12 0.184416 0.681019 0.032900 0.076852
12 0.225758 0.684722 0.033333 0.093519
12 0.262338 0.680556 0.032900 0.068519
11 0.305628 0.680556 0.032035 0.085185
7 0.347403 0.685185 0.033333 0.094444
6 0.389394 0.682407 0.030736 0.068519
6 0.428139 0.680556 0.032900 0.085185
5 0.471429 0.680556 0.032900 0.090741
5 0.511472 0.680556 0.029870 0.087037
4 0.552814 0.681019 0.025974 0.078704
4 0.593074 0.684259 0.031169 0.081481
3 0.636797 0.680556 0.030303 0.081481
2 0.678139 0.680556 0.029004 0.083333
1 0.715152 0.680556 0.031169 0.079630
1 0.756061 0.680556 0.034199 0.068519
1 0.799351 0.680556 0.032468 0.083333
