12 0.138745 0.680556 0.031602 0.092593
11 0.182468 0.681481 0.033333 0.081481
8 0.227706 0.680556 0.033766 0.083333
7 0.265152 0.680556 0.042857 0.088889
7 0.305628 0.680556 0.036364 0.079630
7 0.346970 0.681944 0.037662 0.086111
7 0.388312 0.684259 0.041558 0.094444
5 0.427273 0.684259 0.030303 0.094444
4 0.469481 0.684722 0.024675 0.080556
4 0.510823 0.681481 0.037229 0.090741
3 0.552165 0.681481 0.029004 0.090741
1 0.591126 0.680556 0.035065 0.088889
1 0.634416 0.681019 0.033333 0.071296
1 0.680736 0.681944 0.035065 0.086111
0 0.720996 0.680556 0.034199 0.087037
0 0.759524 0.680093 0.034199 0.075000
0 0.798918 0.684722 0.026407 0.080556
