7 0.473377 0.043056 0.020346 0.060185
7 0.489827 0.043056 0.016883 0.069444
4 0.510823 0.051389 0.019048 0.075000
1 0.484416 0.501389 0.025108 0.123148
14 0.261905 0.768519 0.027706 0.244444
12 0.305628 0.715741 0.032035 0.146296
12 0.346970 0.705556 0.029004 0.144444
11 0.385931 0.706019 0.035931 0.136111
11 0.430087 0.718519 0.034199 0.142593
9 0.469481 0.706019 0.033333 0.130556
9 0.511905 0.705556 0.037662 0.140741
7 0.547403 0.718519 0.035065 0.150000
5 0.593074 0.716667 0.030303 0.137037
5 0.632035 0.705556 0.032035 0.138889
4 0.678139 0.706019 0.034199 0.136111
