1 0.709957 0.343056 0.021645 0.069444
1 0.734416 0.334722 0.019481 0.056481
1 0.758442 0.343519 0.018182 0.066667
1 0.783550 0.343056 0.024242 0.073148
12 0.181169 0.681019 0.034199 0.082407
13 0.136797 0.760648 0.024242 0.256481
10 0.223810 0.683333 0.032900 0.081481
9 0.265152 0.681019 0.033333 0.082407
9 0.306710 0.681019 0.030736 0.082407
9 0.346104 0.684259 0.034199 0.094444
8 0.390260 0.681019 0.030736 0.084259
8 0.430087 0.690278 0.035065 0.084259
8 0.471429 0.684259 0.026840 0.094444
8 0.512338 0.680556 0.029870 0.087037
7 0.552165 0.680556 0.029870 0.083333
7 0.595455 0.680556 0.040260 0.088889
2 0.636797 0.681481 0.032035 0.081481
2 0.673810 0.684722 0.029870 0.093519
0 0.718182 0.685185 0.026840 0.094444
0 0.760823 0.681019 0.033333 0.075000
0 0.798918 0.680556 0.026407 0.081481
