14 0.138745 0.755556 0.033333 0.244444
13 0.175758 0.765278 0.028571 0.254630
12 0.225325 0.715278 0.032468 0.137963
11 0.271429 0.705556 0.036364 0.155556
11 0.306494 0.715278 0.033766 0.147222
11 0.346970 0.714815 0.032468 0.140741
10 0.386797 0.705556 0.036797 0.144444
7 0.428139 0.705556 0.034632 0.131481
7 0.469481 0.706019 0.036797 0.130556
6 0.508442 0.705556 0.028139 0.144444
6 0.549351 0.705556 0.031169 0.144444
6 0.592641 0.716204 0.029437 0.136111
5 0.632035 0.706019 0.028571 0.130556
1 0.675758 0.718519 0.032900 0.142593
1 0.714719 0.718519 0.029437 0.151852
0 0.758442 0.714352 0.035498 0.136111
0 0.799784 0.718056 0.029870 0.162037
