12 0.143074 0.681019 0.029870 0.076852
12 0.180087 0.681019 0.025108 0.076852
11 0.225758 0.685648 0.028139 0.093519
11 0.267100 0.680556 0.026840 0.079630
11 0.311905 0.681019 0.030736 0.075000
10 0.346537 0.680556 0.035065 0.083333
9 0.389827 0.680556 0.035065 0.088889
9 0.428139 0.680556 0.027706 0.088889
9 0.469481 0.684722 0.034199 0.093519
9 0.512338 0.681019 0.028139 0.084259
8 0.552165 0.681019 0.030736 0.075000
7 0.593074 0.685185 0.031169 0.081481
7 0.634416 0.686111 0.035065 0.081481
6 0.680087 0.681481 0.038961 0.094444
5 0.717100 0.680556 0.033333 0.081481
5 0.758442 0.681019 0.028571 0.080556
0 0.799784 0.680556 0.035065 0.088889
