6 0.167100 0.339352 0.021645 0.062037
5 0.193074 0.337500 0.026840 0.056481
4 0.215152 0.332407 0.021645 0.055556
3 0.241126 0.337500 0.020779 0.056481
2 0.262771 0.340278 0.022511 0.071296
1 0.288745 0.342130 0.022511 0.067593
14 0.138745 0.768056 0.029870 0.263889
12 0.182468 0.681019 0.034199 0.076852
12 0.221429 0.691204 0.029870 0.082407
12 0.265152 0.684259 0.035931 0.081481
11 0.308442 0.685648 0.029870 0.093519
7 0.348918 0.685185 0.036364 0.094444
6 0.386797 0.685185 0.025541 0.081481
6 0.427273 0.686111 0.028571 0.094444
5 0.471429 0.680556 0.030303 0.088889
5 0.512338 0.681019 0.035065 0.069444
4 0.553680 0.687037 0.028571 0.094444
4 0.593074 0.681019 0.031169 0.080556
3 0.634416 0.682407 0.028139 0.081481
2 0.676407 0.680556 0.029870 0.096296
1 0.717100 0.681019 0.033333 0.082407
1 0.758442 0.680556 0.035498 0.081481
1 0.799784 0.684722 0.027273 0.093519
