8 0.432468 0.468056 0.022511 0.063889
7 0.458442 0.471759 0.023377 0.069444
6 0.484416 0.468056 0.022511 0.069444
5 0.507576 0.468056 0.023810 0.065741
4 0.530087 0.469907 0.026407 0.069444
12 0.245455 0.680556 0.036364 0.081481
12 0.286797 0.680556 0.029004 0.087037
11 0.328139 0.680556 0.034632 0.085185
11 0.369481 0.684259 0.032468 0.094444
11 0.410390 0.680556 0.032035 0.087037
10 0.449784 0.682407 0.032900 0.094444
9 0.490260 0.680556 0.030736 0.098148
9 0.533550 0.684259 0.029004 0.094444
9 0.573377 0.680556 0.029004 0.085185
9 0.612771 0.690278 0.029870 0.091667
7 0.656494 0.680556 0.035065 0.087037
0 0.695455 0.680556 0.036797 0.087037
