4 0.708442 0.335648 0.024675 0.056481
4 0.732468 0.336111 0.023377 0.059259
4 0.759957 0.339815 0.019481 0.061111
6 0.783550 0.341667 0.027706 0.064815
1 0.776840 0.685185 0.034199 0.081481
1 0.738312 0.682407 0.032468 0.068519
1 0.699784 0.681944 0.026407 0.076852
1 0.654762 0.681944 0.026407 0.076852
6 0.615152 0.685185 0.029437 0.081481
6 0.573810 0.684259 0.029004 0.068519
7 0.534416 0.681019 0.035065 0.075000
7 0.491126 0.687037 0.033333 0.081481
7 0.452165 0.681944 0.035931 0.065741
8 0.413853 0.679630 0.039827 0.075926
10 0.370563 0.686111 0.036364 0.081481
10 0.325758 0.680556 0.034199 0.083333
10 0.284416 0.686111 0.033766 0.068519
10 0.246537 0.681019 0.031602 0.078704
11 0.203680 0.681019 0.036797 0.067593
14 0.160823 0.767593 0.034199 0.242593
