7 0.467007 0.124464 0.019728 0.040773
6 0.489456 0.124464 0.022449 0.038627
3 0.512245 0.130365 0.020408 0.037554
11 0.419728 0.527361 0.027211 0.061159
10 0.449660 0.527361 0.027211 0.054721
9 0.481973 0.527361 0.022449 0.061159
8 0.509864 0.527361 0.019728 0.054721
7 0.537415 0.527361 0.029932 0.054721
12 0.314626 0.721567 0.037415 0.067597
8 0.361905 0.721567 0.029932 0.076180
7 0.411905 0.719421 0.040136 0.071888
3 0.463946 0.717275 0.043537 0.067597
1 0.509524 0.721567 0.032653 0.069742
0 0.569388 0.721567 0.032653 0.071888
0 0.617347 0.721567 0.034694 0.071888
