14 0.062338 0.743056 0.025108 0.219444
11 0.110390 0.681019 0.028571 0.073148
10 0.151732 0.682407 0.041126 0.087037
10 0.194589 0.682407 0.033333 0.087037
10 0.237446 0.683333 0.035065 0.088889
10 0.282035 0.680556 0.036797 0.087037
8 0.325758 0.678704 0.033333 0.074074
7 0.366667 0.686111 0.037229 0.092593
7 0.404545 0.687037 0.034199 0.094444
7 0.448918 0.681481 0.036364 0.088889
6 0.491126 0.682870 0.031602 0.086111
6 0.530087 0.680556 0.031602 0.090741
3 0.573810 0.680556 0.034199 0.092593
3 0.621429 0.682407 0.029870 0.081481
3 0.662771 0.681481 0.028571 0.085185
1 0.705195 0.680556 0.025974 0.090741
1 0.749351 0.687500 0.035498 0.075000
1 0.791126 0.693056 0.036797 0.086111
1 0.832035 0.680556 0.022511 0.077778
0 0.873810 0.681481 0.024675 0.085185
