7 0.445455 0.470833 0.025108 0.063889
7 0.472944 0.470833 0.023810 0.060185
7 0.495455 0.475000 0.028139 0.068519
8 0.521429 0.470833 0.022944 0.063889
12 0.706494 0.338426 0.023377 0.063889
12 0.733983 0.343519 0.023810 0.070370
12 0.757576 0.340278 0.022511 0.071296
11 0.784416 0.343056 0.023377 0.071296
1 0.573810 0.687037 0.029870 0.081481
1 0.612771 0.686111 0.030736 0.081481
1 0.655628 0.690278 0.033333 0.076852
1 0.699784 0.681019 0.028139 0.065741
6 0.491126 0.680556 0.032468 0.077778
6 0.530736 0.680556 0.021645 0.077778
10 0.329221 0.680556 0.035931 0.094444
10 0.366667 0.680556 0.028571 0.085185
10 0.408442 0.685185 0.035065 0.081481
10 0.452165 0.680556 0.031602 0.083333
11 0.286797 0.681019 0.038528 0.078704
14 0.242641 0.766204 0.029004 0.256481
