8 0.434416 0.468056 0.019481 0.062037
7 0.460390 0.468056 0.027273 0.062037
6 0.483550 0.468056 0.022511 0.065741
5 0.509957 0.472222 0.024242 0.068519
4 0.535931 0.468056 0.025974 0.062037
12 0.243074 0.680556 0.029004 0.090741
12 0.286364 0.680556 0.035065 0.096296
11 0.328139 0.680556 0.025974 0.085185
11 0.369481 0.681019 0.036797 0.086111
11 0.408442 0.685185 0.034199 0.081481
10 0.452165 0.684722 0.037662 0.093519
9 0.491126 0.685648 0.033333 0.093519
9 0.532035 0.680556 0.028571 0.100000
9 0.571429 0.681944 0.030303 0.087963
9 0.612771 0.681019 0.028139 0.086111
7 0.652165 0.679630 0.030736 0.075926
0 0.699351 0.681019 0.035931 0.082407
