12 0.184416 0.287037 0.025108 0.068519
12 0.210823 0.288426 0.023377 0.063889
12 0.235931 0.290278 0.024242 0.063889
0 0.262771 0.288426 0.022511 0.063889
10 0.708442 0.292130 0.023810 0.071296
10 0.733550 0.285185 0.029004 0.068519
10 0.758442 0.288426 0.025974 0.075000
10 0.784416 0.293519 0.020779 0.068519
12 0.138745 0.679630 0.032468 0.098148
11 0.183550 0.682407 0.029437 0.081481
8 0.225758 0.683333 0.033333 0.088889
7 0.265152 0.686574 0.032468 0.093519
7 0.306494 0.680556 0.032900 0.094444
7 0.343939 0.680556 0.034199 0.096296
7 0.384416 0.687037 0.038095 0.094444
5 0.430087 0.689352 0.034199 0.086111
4 0.471429 0.681944 0.031169 0.084259
4 0.515152 0.687037 0.032035 0.081481
3 0.552165 0.683333 0.028139 0.088889
1 0.595022 0.681481 0.032468 0.088889
1 0.634416 0.681944 0.030736 0.084259
1 0.675758 0.680556 0.032900 0.087037
0 0.717100 0.681019 0.031602 0.082407
0 0.758009 0.681019 0.032900 0.078704
0 0.798485 0.685648 0.027273 0.093519
