11 0.706494 0.305556 0.025974 0.118519
11 0.733983 0.306019 0.023810 0.113889
11 0.758009 0.306019 0.023377 0.112037
4 0.783117 0.306019 0.025108 0.113889
12 0.158442 0.705556 0.032035 0.144444
10 0.205628 0.705556 0.036364 0.144444
10 0.243074 0.705556 0.036797 0.144444
5 0.284416 0.715741 0.029437 0.146296
5 0.327706 0.705556 0.035498 0.144444
5 0.364719 0.706019 0.029870 0.136111
4 0.410823 0.706019 0.032900 0.149074
4 0.452165 0.705556 0.041126 0.140741
3 0.491126 0.716667 0.035931 0.148148
3 0.530087 0.727315 0.037662 0.162037
3 0.571429 0.718519 0.038961 0.148148
2 0.616667 0.705556 0.033333 0.140741
2 0.656494 0.706019 0.031602 0.134259
1 0.697403 0.715278 0.037229 0.150926
1 0.738745 0.718519 0.037662 0.142593
1 0.773377 0.705556 0.030736 0.144444
12 0.467749 0.063889 0.017749 0.061111
6 0.486797 0.056019 0.018615 0.069444
6 0.506494 0.056019 0.017316 0.069444
