12 0.142641 0.706019 0.041126 0.149074
12 0.184416 0.706019 0.038961 0.126852
11 0.228139 0.714815 0.038961 0.140741
11 0.256494 0.715741 0.037662 0.138889
8 0.307576 0.706019 0.029004 0.132407
7 0.341126 0.705556 0.038095 0.150000
7 0.390260 0.705556 0.034199 0.144444
7 0.430087 0.716667 0.036797 0.144444
7 0.471429 0.705556 0.036364 0.144444
6 0.510390 0.718519 0.028571 0.137037
4 0.555195 0.718519 0.035931 0.144444
4 0.597403 0.715741 0.028571 0.138889
3 0.634416 0.705556 0.029870 0.144444
3 0.676840 0.718519 0.030736 0.138889
3 0.715152 0.706019 0.037229 0.137963
0 0.761472 0.705556 0.034632 0.138889
0 0.799784 0.706019 0.038528 0.123148
