11 0.788462 0.351809 0.034107 0.064177
7 0.470247 0.120187 0.021771 0.037340
7 0.493469 0.117270 0.020319 0.031505
5 0.514877 0.119020 0.015239 0.042007
14 0.035922 0.777130 0.035559 0.217036
13 0.089623 0.767795 0.034107 0.198366
11 0.136430 0.705368 0.036284 0.085181
9 0.185051 0.713536 0.040639 0.080513
9 0.232221 0.716453 0.033382 0.086348
8 0.276488 0.709452 0.034833 0.079347
7 0.325835 0.713536 0.039187 0.075846
7 0.374456 0.709452 0.039187 0.077013
7 0.416909 0.713536 0.041364 0.075846
7 0.465893 0.709452 0.040639 0.077013
5 0.514877 0.709452 0.032656 0.072345
5 0.559507 0.709452 0.031930 0.074679
4 0.605951 0.713536 0.030479 0.080513
4 0.655298 0.713536 0.034833 0.066511
3 0.701379 0.713536 0.041364 0.080513
3 0.748186 0.713536 0.033382 0.075846
3 0.797170 0.709452 0.035559 0.077013
0 0.843977 0.709452 0.034833 0.074679
0 0.893687 0.713536 0.044267 0.075846
