8 0.654762 0.346567 0.025170 0.064378
7 0.684694 0.346567 0.025170 0.060086
6 0.716667 0.346567 0.023810 0.055794
5 0.746939 0.358906 0.027211 0.054721
4 0.777211 0.346567 0.027891 0.057940
3 0.807143 0.355687 0.030612 0.052575
14 0.137415 0.777361 0.032653 0.217811
12 0.194558 0.720494 0.032653 0.074034
12 0.241837 0.721567 0.030612 0.061159
10 0.289456 0.720494 0.040136 0.071888
10 0.339456 0.719421 0.032653 0.069742
9 0.389456 0.719421 0.040136 0.080472
9 0.439456 0.719421 0.036735 0.069742
9 0.487075 0.720494 0.035374 0.078326
8 0.539116 0.721567 0.036054 0.074034
8 0.589456 0.719421 0.031973 0.069742
7 0.637075 0.719421 0.040136 0.069742
6 0.684694 0.718348 0.037415 0.074034
6 0.737075 0.716202 0.042857 0.071888
6 0.784694 0.721567 0.037415 0.071888
14 0.466327 0.141631 0.017007 0.057940
12 0.491497 0.137876 0.017007 0.050429
6 0.514626 0.137876 0.025170 0.054721
