14 0.780087 0.379167 0.015584 0.136111
13 0.136797 0.763426 0.024242 0.250926
12 0.181169 0.679630 0.030736 0.079630
10 0.221429 0.686111 0.035065 0.081481
9 0.264719 0.682407 0.031602 0.081481
9 0.308442 0.680556 0.037662 0.092593
9 0.346970 0.687037 0.035931 0.094444
8 0.388745 0.677778 0.032900 0.087037
8 0.428139 0.680556 0.030303 0.088889
8 0.471429 0.690278 0.027706 0.087963
8 0.510390 0.681019 0.023377 0.080556
7 0.556494 0.681019 0.034199 0.080556
7 0.593074 0.686574 0.038095 0.093519
2 0.636797 0.681019 0.032900 0.080556
2 0.673810 0.681019 0.027273 0.084259
0 0.720130 0.680556 0.039394 0.090741
0 0.758442 0.684259 0.025108 0.081481
0 0.799351 0.680556 0.029004 0.081481
