14 0.138312 0.761111 0.033333 0.255556
13 0.182035 0.760185 0.032468 0.244444
12 0.225758 0.679630 0.035065 0.079630
12 0.267100 0.681019 0.025974 0.084259
11 0.308442 0.685648 0.035065 0.093519
11 0.347403 0.685185 0.032468 0.094444
7 0.390693 0.683333 0.033333 0.094444
7 0.428139 0.681019 0.035498 0.075000
7 0.471429 0.680556 0.038095 0.081481
7 0.508442 0.682407 0.029870 0.081481
6 0.556494 0.686111 0.037662 0.094444
6 0.594589 0.680556 0.033333 0.085185
6 0.635931 0.681019 0.027706 0.080556
0 0.678139 0.680556 0.030736 0.083333
0 0.715152 0.680556 0.025974 0.085185
0 0.758442 0.681019 0.029437 0.086111
0 0.797403 0.681019 0.028571 0.078704
