12 0.284416 0.680556 0.033766 0.087037
12 0.325325 0.680556 0.028139 0.087037
11 0.368182 0.682407 0.031602 0.081481
11 0.410823 0.689352 0.028571 0.075000
11 0.449351 0.680556 0.031169 0.090741
9 0.491126 0.680556 0.030736 0.088889
9 0.533550 0.684259 0.034199 0.081481
9 0.573810 0.680556 0.035065 0.085185
9 0.616234 0.684722 0.034199 0.093519
7 0.655195 0.680556 0.027273 0.085185
4 0.258442 0.339352 0.020779 0.062037
4 0.283117 0.331944 0.025108 0.063889
3 0.184416 0.340278 0.022511 0.071296
3 0.209957 0.340278 0.024242 0.071296
3 0.235931 0.338426 0.024242 0.063889
0 0.680087 0.343056 0.020779 0.069444
0 0.706494 0.343519 0.023377 0.066667
0 0.732035 0.343519 0.019913 0.062963
6 0.758442 0.342130 0.027706 0.071296
6 0.784416 0.341667 0.026840 0.064815
