6 0.786797 0.318056 0.032468 0.119444
12 0.162338 0.718519 0.038095 0.151852
10 0.202165 0.716204 0.038095 0.160185
10 0.245455 0.718519 0.040693 0.155556
5 0.284416 0.717593 0.039827 0.150000
5 0.324892 0.718519 0.031602 0.148148
5 0.365152 0.715278 0.041991 0.137963
4 0.410823 0.705556 0.028571 0.144444
4 0.449351 0.717130 0.037229 0.158333
3 0.493074 0.717593 0.031169 0.135185
3 0.534416 0.718519 0.033333 0.151852
3 0.573377 0.717593 0.032468 0.142593
2 0.615152 0.705556 0.032035 0.144444
2 0.652165 0.715741 0.029870 0.138889
1 0.697403 0.718519 0.036364 0.131481
1 0.738745 0.706019 0.036797 0.130556
1 0.780087 0.715741 0.030303 0.146296
