14 0.025111 0.804688 0.036928 0.234375
13 0.078656 0.804087 0.039143 0.230769
11 0.125185 0.772837 0.039143 0.173077
9 0.169498 0.767428 0.043575 0.157452
9 0.220089 0.766827 0.041359 0.153846
8 0.265510 0.756611 0.042097 0.143029
7 0.310931 0.757212 0.044313 0.139423
7 0.356352 0.753606 0.049483 0.144231
7 0.404727 0.757212 0.042836 0.137019
7 0.450148 0.756611 0.042097 0.147837
6 0.499631 0.756611 0.046529 0.133413
5 0.546529 0.756611 0.036928 0.133413
5 0.591950 0.757212 0.050960 0.139423
4 0.644018 0.756010 0.038405 0.132212
4 0.686854 0.757212 0.045790 0.137019
3 0.732275 0.756611 0.043575 0.135817
3 0.779173 0.751803 0.042836 0.123798
3 0.826071 0.757212 0.037666 0.134615
0 0.875185 0.756611 0.038405 0.133413
0 0.922083 0.768029 0.036189 0.127404
7 0.476736 0.131611 0.016987 0.061298
7 0.501108 0.131611 0.019941 0.054087
5 0.524742 0.132212 0.019941 0.060096
