9 0.141126 0.705556 0.037229 0.144444
9 0.184416 0.713426 0.036364 0.123148
9 0.226840 0.705556 0.029437 0.144444
9 0.264719 0.705556 0.029870 0.138889
8 0.308442 0.705556 0.033333 0.144444
7 0.346970 0.716204 0.034199 0.136111
7 0.388745 0.715278 0.032900 0.137963
7 0.428139 0.714352 0.038095 0.136111
7 0.468615 0.705556 0.034199 0.131481
5 0.512338 0.705556 0.038528 0.144444
5 0.552165 0.718056 0.031602 0.143519
5 0.593074 0.716667 0.032900 0.140741
5 0.635931 0.706019 0.032900 0.130556
3 0.678139 0.705556 0.036797 0.135185
3 0.716667 0.706019 0.023810 0.137963
2 0.758442 0.714352 0.028571 0.136111
1 0.802165 0.705556 0.032035 0.137037
