10 0.464626 0.124464 0.017687 0.036481
6 0.488776 0.128219 0.017007 0.033262
0 0.513946 0.124464 0.018367 0.038627
9 0.179252 0.361052 0.027891 0.054721
8 0.209524 0.359979 0.029932 0.059013
7 0.239456 0.346567 0.028571 0.051502
6 0.269388 0.356760 0.024490 0.059013
5 0.296939 0.346567 0.025170 0.055794
12 0.044558 0.721567 0.034694 0.069742
11 0.089456 0.719421 0.037415 0.069742
11 0.137075 0.720494 0.033333 0.067597
10 0.181973 0.720494 0.037415 0.067597
10 0.231973 0.721567 0.043537 0.076180
10 0.276531 0.721567 0.040136 0.067597
10 0.322109 0.719421 0.037415 0.065451
9 0.371429 0.724249 0.043537 0.079399
9 0.419388 0.721567 0.036054 0.074034
9 0.464626 0.720494 0.042177 0.078326
8 0.509524 0.708155 0.032653 0.075107
8 0.557143 0.721567 0.039456 0.071888
7 0.602381 0.718348 0.040136 0.069742
6 0.649660 0.721567 0.032653 0.069742
6 0.697279 0.721567 0.032653 0.061159
4 0.742177 0.721567 0.035374 0.069742
3 0.792177 0.720494 0.031973 0.067597
0 0.841837 0.720494 0.038776 0.069742
0 0.879592 0.718348 0.029932 0.063305
