14 0.325758 0.766204 0.036797 0.252778
13 0.365152 0.759259 0.031602 0.255556
12 0.408442 0.681944 0.035931 0.087963
12 0.453680 0.681019 0.025974 0.078704
7 0.491126 0.680556 0.031602 0.088889
7 0.533983 0.685185 0.028139 0.081481
7 0.571429 0.681019 0.032900 0.086111
7 0.614719 0.691667 0.029437 0.094444
6 0.433550 0.468056 0.021212 0.065741
6 0.458442 0.474074 0.018182 0.068519
6 0.486364 0.479167 0.018615 0.063889
11 0.508442 0.479167 0.025541 0.063889
11 0.532468 0.468981 0.023377 0.060185
4 0.709524 0.341204 0.022511 0.065741
4 0.732468 0.332407 0.023377 0.055556
4 0.758442 0.331019 0.022511 0.067593
4 0.783550 0.336111 0.017316 0.068519
