14 0.060823 0.755556 0.033333 0.255556
13 0.106061 0.755556 0.029437 0.240741
11 0.152165 0.705556 0.033333 0.144444
10 0.193074 0.705556 0.037229 0.144444
10 0.235931 0.705556 0.040693 0.144444
9 0.283550 0.716204 0.038961 0.163889
9 0.318615 0.705556 0.040693 0.140741
9 0.364286 0.718519 0.035931 0.140741
5 0.408442 0.727778 0.041991 0.155556
4 0.447403 0.706019 0.037662 0.130556
4 0.488745 0.716204 0.046753 0.152778
3 0.533550 0.718519 0.034199 0.151852
3 0.575758 0.705556 0.027706 0.127778
3 0.621429 0.717130 0.049784 0.150926
3 0.666667 0.716204 0.037229 0.149074
2 0.705628 0.705556 0.032900 0.144444
1 0.745455 0.718519 0.035498 0.148148
1 0.793074 0.718519 0.036364 0.142593
1 0.830087 0.715278 0.035931 0.134259
0 0.875758 0.705556 0.032900 0.144444
2 0.467100 0.055556 0.021645 0.062963
1 0.484416 0.043056 0.017316 0.043519
0 0.504113 0.043056 0.015152 0.043519
