1 0.167100 0.331481 0.021645 0.055556
1 0.193074 0.341204 0.021645 0.065741
1 0.217100 0.339352 0.022944 0.065741
0 0.241126 0.330556 0.015584 0.055556
0 0.265152 0.333333 0.020346 0.055556
0 0.288745 0.340278 0.019913 0.063889
11 0.315152 0.339352 0.025108 0.062037
3 0.341126 0.340278 0.019048 0.063889
9 0.142641 0.680556 0.029004 0.085185
9 0.180087 0.680556 0.029437 0.094444
9 0.224892 0.680556 0.033333 0.087037
9 0.262771 0.680556 0.025974 0.088889
8 0.308442 0.680556 0.032468 0.085185
7 0.347403 0.682407 0.033333 0.081481
7 0.386797 0.680556 0.032468 0.085185
7 0.430087 0.680556 0.037662 0.088889
7 0.470130 0.680556 0.029437 0.081481
5 0.511905 0.679630 0.030736 0.079630
5 0.551732 0.681019 0.029004 0.082407
5 0.595455 0.680556 0.030736 0.087037
5 0.634416 0.680556 0.026407 0.081481
3 0.675758 0.680556 0.025108 0.081481
3 0.715152 0.681019 0.026840 0.084259
2 0.758442 0.681019 0.027706 0.082407
1 0.801299 0.681019 0.037229 0.087963
