0 0.720996 0.687037 0.032468 0.081481
0 0.759524 0.681019 0.030736 0.076852
0 0.802165 0.689352 0.023377 0.086111
2 0.636364 0.680556 0.028571 0.079630
2 0.675758 0.674074 0.039827 0.068519
7 0.556494 0.683333 0.038528 0.094444
7 0.595455 0.691204 0.034199 0.082407
8 0.389827 0.680556 0.035065 0.088889
8 0.427706 0.685648 0.032900 0.093519
8 0.470130 0.681481 0.025974 0.088889
8 0.508442 0.684722 0.029870 0.093519
9 0.265152 0.680556 0.031602 0.083333
9 0.306494 0.680556 0.037229 0.094444
9 0.347403 0.680556 0.032468 0.085185
10 0.221429 0.686111 0.038528 0.094444
12 0.182468 0.682407 0.028139 0.081481
13 0.138745 0.766204 0.029004 0.252778
