9 0.141126 0.717130 0.037229 0.150926
9 0.180087 0.705556 0.048485 0.155556
9 0.227273 0.705556 0.045022 0.150000
9 0.265152 0.705556 0.033333 0.144444
8 0.304113 0.705556 0.034199 0.133333
7 0.346537 0.716204 0.038528 0.149074
7 0.390693 0.718519 0.041126 0.151852
7 0.427706 0.706019 0.035498 0.130556
7 0.468615 0.716204 0.032468 0.136111
5 0.512771 0.705556 0.034199 0.144444
5 0.553680 0.718056 0.037229 0.162037
5 0.593074 0.718519 0.032035 0.150000
5 0.636364 0.713426 0.028571 0.137963
3 0.678139 0.715278 0.029870 0.134259
3 0.717100 0.714352 0.030736 0.128704
1 0.798485 0.716204 0.030736 0.132407
2 0.758009 0.717593 0.032900 0.146296
14 0.465152 0.055556 0.014286 0.059259
10 0.485498 0.043056 0.013420 0.045370
10 0.503680 0.043056 0.016017 0.041667
