5 0.516595 0.136364 0.024531 0.062937
7 0.472583 0.134033 0.020202 0.060606
7 0.491703 0.134033 0.018038 0.060606
11 0.179654 0.374709 0.031746 0.096737
11 0.212843 0.372378 0.031746 0.096737
11 0.194084 0.748252 0.031746 0.137529
14 0.094517 0.790210 0.043290 0.233100
13 0.146465 0.790210 0.049062 0.237762
7 0.244589 0.748252 0.043290 0.137529
7 0.295094 0.743590 0.044733 0.137529
7 0.344156 0.745921 0.043290 0.132867
7 0.395022 0.745921 0.044012 0.146853
5 0.446609 0.748252 0.046176 0.146853
5 0.494589 0.748252 0.042569 0.132867
4 0.541126 0.745921 0.049062 0.130536
4 0.594517 0.745921 0.043290 0.132867
3 0.639250 0.745921 0.043290 0.130536
3 0.694084 0.741259 0.038961 0.118881
3 0.740260 0.743590 0.038961 0.128205
0 0.789322 0.750583 0.037518 0.142191
0 0.836941 0.745921 0.036075 0.132867
10 0.757576 0.377040 0.034632 0.108392
10 0.787879 0.376457 0.027417 0.104895
