8 0.186797 0.343519 0.023810 0.068519
8 0.211039 0.335185 0.022078 0.068519
8 0.235498 0.340741 0.026840 0.059259
4 0.256494 0.335185 0.016883 0.057407
5 0.706494 0.336111 0.019048 0.068519
5 0.732468 0.339352 0.019913 0.065741
5 0.758442 0.343056 0.021645 0.069444
2 0.784416 0.337037 0.022511 0.068519
12 0.225325 0.680556 0.034199 0.088889
12 0.265152 0.679630 0.028139 0.079630
11 0.307143 0.686111 0.031602 0.081481
11 0.348918 0.680556 0.038095 0.090741
11 0.386797 0.688426 0.031602 0.087963
11 0.430087 0.683333 0.032468 0.094444
10 0.469481 0.680556 0.035065 0.092593
8 0.508442 0.681019 0.030736 0.080556
7 0.555628 0.680556 0.033333 0.081481
1 0.593074 0.680556 0.031169 0.085185
1 0.636797 0.681019 0.032035 0.075000
0 0.680736 0.680556 0.035065 0.087037
0 0.719481 0.689352 0.028571 0.089815
