12 0.109868 0.720100 0.039674 0.078073
12 0.162513 0.717193 0.035097 0.075581
12 0.209563 0.721761 0.036623 0.074751
12 0.258393 0.717193 0.034588 0.075581
11 0.308749 0.718439 0.038657 0.076412
8 0.355799 0.717193 0.034079 0.078904
6 0.404629 0.720100 0.034079 0.081395
6 0.456511 0.717193 0.035097 0.078904
6 0.506104 0.718439 0.035605 0.074751
6 0.551628 0.720100 0.034079 0.073090
3 0.606562 0.717193 0.035097 0.078904
2 0.649034 0.718439 0.036623 0.078073
2 0.706511 0.720100 0.041709 0.079734
1 0.753815 0.717193 0.042726 0.087209
1 0.802391 0.720100 0.035097 0.071429
0 0.852747 0.718854 0.034079 0.080565
0 0.899288 0.715947 0.027467 0.081395
