13 0.138745 0.763426 0.035931 0.262037
12 0.183983 0.718056 0.039827 0.156481
12 0.225325 0.718519 0.034199 0.150000
12 0.266234 0.717593 0.028571 0.138889
10 0.306710 0.706019 0.030736 0.137963
10 0.347403 0.705556 0.033333 0.144444
9 0.388745 0.715278 0.032035 0.147222
9 0.430087 0.705556 0.030736 0.146296
9 0.467100 0.705556 0.037229 0.144444
9 0.508442 0.714352 0.034199 0.139815
6 0.552165 0.717593 0.030736 0.146296
4 0.593074 0.705556 0.032035 0.144444
4 0.633117 0.715741 0.026407 0.138889
4 0.677273 0.706019 0.031602 0.123148
4 0.715152 0.715278 0.031169 0.137963
2 0.762771 0.705556 0.028571 0.144444
1 0.798918 0.716667 0.028139 0.140741
