10 0.464626 0.124464 0.017687 0.032189
6 0.488776 0.124464 0.018367 0.032189
6 0.517347 0.708155 0.034694 0.075107
0 0.514626 0.129292 0.022449 0.035408
0 0.559864 0.720494 0.029932 0.063305
0 0.611905 0.719421 0.040136 0.069742
3 0.181973 0.357833 0.022449 0.046137
3 0.209524 0.363734 0.027211 0.055794
12 0.316327 0.720494 0.042177 0.071888
11 0.366667 0.721567 0.040816 0.076180
11 0.414286 0.718348 0.039456 0.076180
8 0.464626 0.718348 0.032653 0.074034
9 0.464626 0.536481 0.029932 0.066524
9 0.494558 0.534335 0.027211 0.060086
