14 0.136797 0.763889 0.036364 0.235185
12 0.182468 0.718056 0.041126 0.156481
12 0.222944 0.714352 0.037229 0.163889
12 0.268615 0.705556 0.037662 0.144444
9 0.307143 0.718056 0.031602 0.162037
8 0.349784 0.705556 0.028571 0.144444
8 0.395022 0.714352 0.036797 0.149074
7 0.427273 0.706019 0.038095 0.130556
6 0.471429 0.716667 0.038961 0.144444
6 0.514719 0.715278 0.043290 0.162037
6 0.556494 0.718056 0.038528 0.156481
3 0.597403 0.718519 0.032900 0.144444
3 0.632468 0.705556 0.042424 0.144444
2 0.677706 0.717593 0.032468 0.146296
2 0.716667 0.716204 0.033333 0.136111
2 0.756494 0.717593 0.035931 0.142593
2 0.797403 0.705556 0.028571 0.138889
