1 0.471429 0.053241 0.016450 0.067593
1 0.488745 0.054167 0.019048 0.065741
1 0.510823 0.054167 0.019913 0.069444
14 0.138312 0.755556 0.033333 0.255556
13 0.178139 0.755556 0.026407 0.255556
12 0.221429 0.705556 0.029004 0.142593
11 0.260823 0.714352 0.033333 0.139815
11 0.303247 0.714352 0.033333 0.139815
10 0.347403 0.705556 0.041126 0.138889
10 0.390260 0.706019 0.032468 0.136111
9 0.433983 0.718519 0.036797 0.142593
9 0.470563 0.718519 0.030303 0.135185
8 0.512771 0.718519 0.032468 0.148148
7 0.556494 0.716667 0.040260 0.144444
6 0.595455 0.718056 0.030736 0.132407
6 0.636797 0.705556 0.030303 0.140741
5 0.680087 0.706019 0.040693 0.136111
4 0.721429 0.717130 0.035065 0.134259
4 0.755628 0.705556 0.026407 0.135185
2 0.799784 0.706019 0.026407 0.134259
