8 0.184416 0.342593 0.020779 0.066667
8 0.209957 0.343056 0.019913 0.075000
8 0.234416 0.339815 0.019481 0.053704
8 0.258442 0.331019 0.021645 0.062037
14 0.157576 0.761111 0.025974 0.255556
12 0.202165 0.680556 0.030303 0.083333
12 0.246970 0.680556 0.030736 0.085185
12 0.286797 0.680556 0.027273 0.085185
11 0.323810 0.684259 0.028571 0.081481
6 0.368615 0.681019 0.030736 0.078704
6 0.408442 0.681019 0.029004 0.084259
5 0.448918 0.680556 0.028571 0.079630
5 0.486797 0.680556 0.034199 0.083333
4 0.532468 0.681019 0.028571 0.073148
4 0.572944 0.680556 0.031602 0.087037
3 0.614719 0.681019 0.028571 0.084259
2 0.658442 0.685648 0.031169 0.093519
1 0.699784 0.685185 0.038528 0.094444
1 0.738312 0.681019 0.028139 0.082407
1 0.782035 0.681019 0.032468 0.073148
