12 0.142641 0.683333 0.032468 0.088889
12 0.184416 0.681019 0.028571 0.065741
11 0.225758 0.681019 0.030736 0.075000
11 0.265152 0.688426 0.032468 0.076852
11 0.305628 0.682407 0.032035 0.087037
11 0.345455 0.682870 0.028571 0.086111
10 0.390260 0.687963 0.034199 0.094444
8 0.428139 0.680556 0.033766 0.085185
7 0.472944 0.681019 0.031602 0.076852
5 0.510823 0.680556 0.025108 0.090741
4 0.552814 0.681019 0.025974 0.075000
4 0.593074 0.680556 0.033766 0.083333
4 0.636797 0.683333 0.030303 0.088889
1 0.673810 0.682407 0.030736 0.087037
1 0.720996 0.680093 0.032468 0.075000
0 0.758442 0.680556 0.032900 0.081481
0 0.795455 0.680556 0.031602 0.083333
