12 0.042177 0.721567 0.038095 0.069742
11 0.089456 0.720494 0.040136 0.078326
11 0.136395 0.721567 0.034694 0.071888
10 0.181973 0.721567 0.037415 0.076180
10 0.231633 0.720494 0.036054 0.069742
10 0.276871 0.719421 0.036735 0.071888
10 0.321769 0.721567 0.042177 0.076180
9 0.367007 0.720494 0.037415 0.078326
9 0.416327 0.721567 0.035374 0.069742
9 0.464626 0.719421 0.039456 0.076180
8 0.511905 0.720494 0.037415 0.071888
8 0.557143 0.720494 0.035374 0.071888
7 0.604762 0.719421 0.032653 0.069742
6 0.651361 0.708155 0.030612 0.077253
6 0.697279 0.721567 0.035374 0.067597
4 0.746259 0.720494 0.031293 0.067597
3 0.789456 0.721567 0.037415 0.071888
0 0.839796 0.721567 0.034694 0.071888
0 0.881633 0.721567 0.027211 0.069742
10 0.467007 0.124464 0.019728 0.040773
6 0.489796 0.128219 0.017687 0.033262
0 0.509524 0.124464 0.017687 0.036481
