12 0.138745 0.680556 0.031602 0.085185
12 0.185931 0.680093 0.030736 0.075000
11 0.227273 0.688426 0.036364 0.087963
11 0.265152 0.680556 0.031602 0.088889
11 0.305195 0.689352 0.029437 0.086111
10 0.343074 0.681019 0.030736 0.080556
9 0.390693 0.680556 0.036797 0.096296
9 0.430087 0.680556 0.037662 0.100000
9 0.469048 0.680556 0.028139 0.083333
9 0.512771 0.680556 0.037662 0.087037
8 0.553247 0.680556 0.026840 0.081481
7 0.595455 0.681019 0.037662 0.086111
7 0.634416 0.682407 0.035065 0.094444
6 0.678139 0.680556 0.032468 0.085185
5 0.719481 0.684259 0.027706 0.081481
4 0.758009 0.680556 0.032035 0.081481
0 0.802165 0.681019 0.028571 0.084259
