14 0.136797 0.755556 0.029437 0.244444
13 0.179654 0.767130 0.032035 0.254630
11 0.225758 0.705556 0.041126 0.155556
10 0.268182 0.718519 0.038528 0.148148
10 0.306494 0.718056 0.038961 0.154630
9 0.345455 0.718056 0.043290 0.154630
9 0.391126 0.718519 0.037662 0.148148
9 0.432468 0.716204 0.041558 0.149074
5 0.469481 0.717130 0.041126 0.158333
4 0.510390 0.705556 0.040693 0.144444
4 0.552165 0.705556 0.035065 0.138889
3 0.592641 0.718519 0.029437 0.140741
3 0.634416 0.717593 0.035065 0.150000
3 0.678139 0.706019 0.030736 0.130556
3 0.719481 0.716204 0.032900 0.152778
1 0.756494 0.716204 0.036797 0.152778
1 0.799784 0.718519 0.036797 0.146296
