13 0.136797 0.768519 0.026840 0.235185
12 0.182468 0.718056 0.036797 0.156481
12 0.225325 0.717593 0.032468 0.146296
12 0.265152 0.716667 0.036797 0.137037
8 0.305628 0.705556 0.038095 0.144444
8 0.347403 0.705556 0.032468 0.140741
6 0.386797 0.716667 0.035065 0.140741
6 0.432468 0.706019 0.028571 0.130556
6 0.471429 0.705556 0.031169 0.144444
6 0.514286 0.706019 0.042424 0.130556
4 0.554113 0.716667 0.033766 0.137037
4 0.594589 0.716204 0.033333 0.149074
2 0.634416 0.715278 0.034199 0.147222
1 0.678139 0.705556 0.037662 0.144444
1 0.717100 0.705556 0.029870 0.144444
0 0.758442 0.705556 0.042424 0.142593
0 0.799784 0.716204 0.029870 0.136111
