14 0.221429 0.756019 0.033333 0.250926
13 0.260823 0.762037 0.032468 0.255556
12 0.304113 0.680556 0.033333 0.081481
12 0.349784 0.680556 0.030303 0.083333
11 0.388745 0.681019 0.032900 0.080556
11 0.432468 0.680556 0.032900 0.087037
7 0.469481 0.680556 0.033333 0.081481
7 0.510390 0.685648 0.032035 0.093519
7 0.551732 0.686111 0.032468 0.094444
7 0.593074 0.681944 0.035498 0.087963
6 0.633983 0.680556 0.026407 0.085185
6 0.677273 0.681019 0.026407 0.084259
6 0.715152 0.681019 0.025974 0.078704
