2 0.184416 0.342130 0.019913 0.071296
2 0.212338 0.337500 0.028139 0.069444
2 0.236797 0.334722 0.022511 0.056481
3 0.261472 0.343519 0.018182 0.066667
4 0.447403 0.475463 0.023810 0.069444
4 0.470130 0.468056 0.017316 0.065741
4 0.497403 0.473611 0.016450 0.069444
5 0.519481 0.472685 0.020779 0.069444
1 0.595455 0.684722 0.030736 0.080556
1 0.634416 0.679630 0.028139 0.075926
0 0.673377 0.684722 0.034199 0.080556
0 0.715152 0.681019 0.033766 0.084259
10 0.473377 0.681944 0.030736 0.086111
11 0.306494 0.681019 0.032900 0.084259
11 0.348918 0.681481 0.030303 0.087037
11 0.391126 0.685648 0.033333 0.080556
11 0.427706 0.680556 0.032900 0.092593
12 0.225758 0.680556 0.036797 0.087037
12 0.262771 0.680556 0.028571 0.087037
8 0.511472 0.680556 0.026407 0.092593
7 0.552165 0.680556 0.031602 0.087037
