14 0.136364 0.755556 0.032900 0.244444
11 0.183550 0.718056 0.038961 0.158333
10 0.225325 0.718056 0.035931 0.163889
9 0.262771 0.715278 0.037229 0.147222
7 0.304762 0.706019 0.039827 0.137963
6 0.349784 0.727315 0.033766 0.162037
6 0.386797 0.718056 0.035931 0.156481
6 0.428139 0.706019 0.038095 0.130556
3 0.471429 0.717593 0.039827 0.150000
3 0.512771 0.706019 0.034199 0.128704
3 0.555628 0.718056 0.033333 0.156481
3 0.593074 0.716204 0.035498 0.136111
2 0.630087 0.715741 0.035931 0.142593
1 0.676840 0.718519 0.035931 0.144444
1 0.718615 0.718519 0.042424 0.148148
1 0.756494 0.718519 0.034199 0.148148
1 0.795455 0.706019 0.036797 0.130556
