12 0.107349 0.743072 0.054755 0.153580
12 0.163545 0.733834 0.041787 0.148961
11 0.213617 0.732102 0.046830 0.131640
11 0.259006 0.729215 0.042507 0.118938
9 0.313401 0.738453 0.036023 0.144342
8 0.360591 0.732102 0.041066 0.129330
8 0.412104 0.732102 0.034582 0.127021
6 0.459294 0.733834 0.045389 0.125866
6 0.507205 0.738453 0.038905 0.135104
5 0.555836 0.727483 0.045389 0.131640
4 0.607349 0.732102 0.038905 0.122402
4 0.655620 0.730370 0.038905 0.128176
3 0.704611 0.736721 0.036023 0.124711
3 0.746398 0.733834 0.040346 0.130485
2 0.804035 0.730947 0.043228 0.127021
0 0.849784 0.736721 0.045389 0.136259
0 0.897695 0.733834 0.037464 0.118938
