14 0.138745 0.755556 0.036797 0.244444
14 0.181602 0.755093 0.031602 0.252778
12 0.225325 0.716204 0.029004 0.117593
12 0.265152 0.714352 0.031602 0.149074
11 0.308442 0.705556 0.035931 0.144444
11 0.347403 0.705556 0.029870 0.144444
7 0.386797 0.718519 0.040260 0.137037
7 0.430087 0.706019 0.041991 0.130556
7 0.469048 0.716667 0.036797 0.137037
7 0.515152 0.714352 0.041558 0.152778
6 0.558442 0.715741 0.041558 0.146296
6 0.595455 0.715278 0.035931 0.150926
6 0.630087 0.705556 0.035065 0.144444
0 0.678139 0.705556 0.038528 0.144444
0 0.720563 0.717593 0.035065 0.138889
0 0.759091 0.714352 0.035065 0.136111
0 0.799784 0.705556 0.029870 0.144444
