12 0.143074 0.716667 0.033333 0.148148
11 0.180087 0.715741 0.039827 0.146296
11 0.225758 0.718519 0.036797 0.148148
8 0.264286 0.717130 0.029004 0.154630
8 0.307143 0.705556 0.035065 0.144444
8 0.345455 0.715741 0.029437 0.142593
8 0.386797 0.705556 0.032468 0.137037
6 0.428139 0.718519 0.038095 0.148148
6 0.470130 0.715278 0.029437 0.158333
6 0.512771 0.715278 0.033333 0.137963
5 0.552165 0.706019 0.029870 0.130556
3 0.593074 0.716204 0.035498 0.132407
3 0.636797 0.716667 0.028571 0.148148
3 0.675758 0.705556 0.028571 0.138889
2 0.717100 0.715278 0.037662 0.147222
2 0.760823 0.716667 0.036797 0.148148
2 0.795455 0.702778 0.028139 0.137037
