8 0.184416 0.339352 0.023377 0.065741
7 0.784416 0.343056 0.026840 0.071296
12 0.269048 0.681019 0.028139 0.078704
12 0.302165 0.686111 0.027706 0.081481
11 0.345455 0.680556 0.036364 0.083333
11 0.386797 0.681019 0.031602 0.078704
11 0.429221 0.680556 0.034199 0.088889
10 0.469481 0.680556 0.031602 0.079630
9 0.512771 0.680556 0.032468 0.088889
9 0.554762 0.680556 0.029870 0.092593
9 0.595455 0.684722 0.032468 0.093519
9 0.633983 0.681944 0.033333 0.087963
7 0.678139 0.680556 0.036797 0.087037
