9 0.445022 0.493056 0.020779 0.119444
9 0.470563 0.493056 0.026840 0.108333
9 0.495455 0.493056 0.028139 0.117593
2 0.519481 0.493056 0.020779 0.113889
14 0.243074 0.766204 0.033333 0.260185
13 0.282468 0.756019 0.028139 0.252778
11 0.328139 0.705556 0.037229 0.144444
10 0.367100 0.706019 0.041558 0.152778
10 0.406494 0.705556 0.028571 0.144444
5 0.447403 0.715741 0.030736 0.142593
4 0.490260 0.681019 0.032468 0.158333
4 0.530087 0.680556 0.030736 0.148148
3 0.573810 0.726852 0.031602 0.153704
3 0.616667 0.718519 0.041126 0.142593
3 0.656494 0.718056 0.030736 0.143519
3 0.693074 0.716667 0.032900 0.148148
2 0.466667 0.043056 0.015584 0.039815
1 0.484416 0.043056 0.018182 0.043519
0 0.505195 0.043056 0.019048 0.039815
