12 0.109864 0.749464 0.040136 0.138412
10 0.159864 0.745172 0.047619 0.129828
10 0.209524 0.749464 0.047619 0.125536
9 0.259524 0.752146 0.037415 0.135193
9 0.304082 0.720494 0.032653 0.078326
9 0.354422 0.708155 0.032653 0.083691
8 0.406803 0.721567 0.039456 0.074034
8 0.454762 0.718348 0.025170 0.074034
7 0.501361 0.721567 0.038095 0.065451
6 0.554082 0.718348 0.036054 0.074034
6 0.602041 0.719421 0.032653 0.069742
5 0.649320 0.720494 0.036054 0.074034
4 0.702381 0.719421 0.040136 0.065451
3 0.752041 0.717275 0.037415 0.076180
2 0.796939 0.719421 0.037415 0.076180
1 0.851701 0.721567 0.040816 0.065451
0 0.897279 0.720494 0.035374 0.063305
