5 0.186797 0.341204 0.023810 0.069444
7 0.484416 0.474537 0.020779 0.069444
14 0.158442 0.759722 0.025974 0.243519
12 0.204762 0.681481 0.026840 0.081481
12 0.245022 0.680556 0.028571 0.083333
12 0.286797 0.686574 0.029004 0.080556
11 0.330087 0.680556 0.032468 0.088889
6 0.368182 0.680556 0.031602 0.088889
6 0.408009 0.681019 0.031602 0.065741
5 0.452165 0.681019 0.036797 0.086111
5 0.493074 0.690278 0.025108 0.084259
4 0.534416 0.681019 0.032468 0.078704
4 0.573810 0.681481 0.029004 0.081481
3 0.618615 0.680556 0.038961 0.085185
2 0.658009 0.679630 0.028571 0.075926
1 0.697403 0.685648 0.037229 0.093519
1 0.736797 0.685648 0.034632 0.093519
1 0.780087 0.680556 0.032900 0.087037
