12 0.112245 0.720494 0.035374 0.069742
11 0.161905 0.721567 0.039456 0.071888
11 0.204422 0.721567 0.037415 0.076180
10 0.259524 0.721567 0.040136 0.078326
10 0.304422 0.721567 0.037415 0.069742
10 0.354762 0.720494 0.037415 0.074034
9 0.407143 0.721567 0.040136 0.082618
9 0.456463 0.721567 0.035374 0.076180
9 0.506463 0.721567 0.033333 0.074034
8 0.552381 0.721567 0.032653 0.078326
8 0.604762 0.721567 0.035374 0.071888
7 0.654082 0.721567 0.040136 0.074034
6 0.701701 0.720494 0.030612 0.067597
4 0.746259 0.717275 0.042177 0.071888
3 0.797279 0.721567 0.035374 0.074034
2 0.849320 0.721567 0.036054 0.076180
0 0.897279 0.721567 0.035374 0.071888
