3 0.445455 0.468056 0.024242 0.060185
3 0.471429 0.473148 0.020779 0.070370
3 0.497403 0.469907 0.023377 0.073148
0 0.519913 0.468056 0.022511 0.067593
1 0.780736 0.685185 0.035065 0.070370
1 0.736797 0.684259 0.025974 0.081481
1 0.695022 0.681019 0.034199 0.080556
1 0.659091 0.680556 0.035065 0.092593
6 0.616234 0.679630 0.032468 0.083333
6 0.575325 0.682870 0.032035 0.086111
7 0.530087 0.682407 0.029004 0.087037
7 0.488745 0.681481 0.029437 0.085185
7 0.449784 0.683796 0.030303 0.087963
8 0.406926 0.680556 0.026840 0.083333
10 0.369481 0.682870 0.035931 0.086111
10 0.326840 0.680556 0.029437 0.087037
10 0.286797 0.681481 0.033333 0.088889
10 0.243506 0.681481 0.033333 0.088889
11 0.205628 0.682407 0.032035 0.090741
14 0.158009 0.768056 0.026840 0.263889
