13 0.137335 0.769274 0.021203 0.260771
12 0.181509 0.681406 0.030038 0.092593
10 0.222149 0.686130 0.035339 0.086924
9 0.265439 0.680461 0.026504 0.079365
9 0.303870 0.686130 0.037989 0.075586
9 0.345834 0.688020 0.030038 0.090703
8 0.390450 0.686130 0.020320 0.083144
8 0.431973 0.685185 0.027388 0.088813
8 0.471287 0.689909 0.030038 0.094482
8 0.516344 0.683296 0.028271 0.081255
7 0.554333 0.686130 0.033572 0.098262
7 0.596298 0.684240 0.036222 0.075586
2 0.636054 0.687075 0.036222 0.088813
2 0.676252 0.685185 0.033572 0.081255
0 0.720868 0.685185 0.030921 0.088813
0 0.755323 0.681406 0.029155 0.092593
0 0.803030 0.686130 0.032688 0.075586