14 0.096116 0.786308 0.037644 0.215364
13 0.136673 0.791375 0.043805 0.228938
11 0.195939 0.722694 0.038652 0.074925
7 0.243035 0.718756 0.046620 0.077102
7 0.292430 0.715169 0.045510 0.077102
7 0.345710 0.717859 0.041070 0.086068
7 0.391220 0.716963 0.047730 0.087861
5 0.445055 0.718756 0.039960 0.080689
5 0.493895 0.720549 0.037740 0.080689
4 0.544955 0.721445 0.039960 0.078895
4 0.593795 0.718756 0.035520 0.077102
3 0.640415 0.716066 0.042180 0.075309
3 0.693140 0.717859 0.036630 0.075309
3 0.742535 0.721445 0.033300 0.075309
0 0.786935 0.720549 0.042180 0.073516
0 0.839660 0.717859 0.041070 0.071723
11 0.183095 0.356554 0.026640 0.059172
11 0.212510 0.358347 0.027750 0.055585
10 0.757520 0.355657 0.023310 0.057379
10 0.786935 0.355657 0.031080 0.057379