14 0.026927 0.809414 0.026947 0.233888
13 0.073835 0.804541 0.026947 0.220894
11 0.126732 0.733888 0.040920 0.082835
9 0.171145 0.733076 0.039922 0.084459
9 0.218072 0.735762 0.031246 0.080899
8 0.264941 0.732295 0.036928 0.069342
7 0.311101 0.733450 0.032667 0.071653
7 0.358681 0.738073 0.036928 0.080899
7 0.403420 0.734606 0.038348 0.092456
7 0.449580 0.733450 0.034087 0.071653
6 0.500000 0.732295 0.035507 0.073964
5 0.547580 0.733450 0.034087 0.090144
5 0.592319 0.732295 0.032667 0.078587
4 0.640609 0.731139 0.032667 0.076276
4 0.684638 0.731139 0.038348 0.076276
3 0.733638 0.732295 0.039768 0.078587
3 0.825247 0.732295 0.041189 0.078587
3 0.781928 0.734606 0.045449 0.083210
0 0.873537 0.733450 0.035507 0.080899
0 0.918276 0.731139 0.036928 0.076276