13 0.137777 0.770219 0.030921 0.255102
12 0.183718 0.686130 0.034455 0.075586
10 0.223474 0.684240 0.029155 0.079365
9 0.267206 0.688020 0.037106 0.098262
9 0.308729 0.680461 0.033572 0.083144
9 0.348927 0.688020 0.027388 0.086924
8 0.391333 0.681406 0.034455 0.081255
8 0.431973 0.682351 0.032688 0.071807
8 0.472612 0.684240 0.030921 0.083144
8 0.510160 0.690854 0.030038 0.088813
7 0.548591 0.688020 0.037989 0.094482
7 0.593648 0.684240 0.032688 0.086924
2 0.638705 0.686130 0.027388 0.083144
2 0.674044 0.686130 0.030921 0.094482
0 0.721309 0.690854 0.030038 0.077475
0 0.759740 0.683296 0.030921 0.085034
0 0.802589 0.687075 0.035339 0.088813