12 0.113632 0.724507 0.037253 0.072368
12 0.163658 0.726151 0.028738 0.069079
11 0.211023 0.728618 0.038317 0.070724
10 0.259984 0.726974 0.042575 0.057566
10 0.311606 0.724507 0.039382 0.072368
10 0.359503 0.724507 0.041511 0.072368
9 0.407400 0.723684 0.041511 0.070724
9 0.457957 0.726151 0.040446 0.072368
8 0.507983 0.724507 0.040446 0.069079
8 0.553219 0.722039 0.032996 0.074013
7 0.601115 0.722039 0.045768 0.067434
7 0.653802 0.729441 0.042575 0.069079
4 0.703827 0.728618 0.034060 0.064145
4 0.752256 0.728618 0.030867 0.067434
0 0.797492 0.726151 0.034060 0.075658
0 0.850179 0.726151 0.035124 0.065789
0 0.896479 0.724507 0.038317 0.075658