11 0.112036 0.722862 0.044704 0.069079
11 0.164190 0.726974 0.042575 0.074013
11 0.209426 0.726974 0.035124 0.074013
10 0.263177 0.726151 0.042575 0.075658
9 0.313202 0.726974 0.036189 0.080592
9 0.357374 0.726974 0.037253 0.077303
9 0.407400 0.726151 0.039382 0.075658
7 0.459022 0.725329 0.036189 0.074013
6 0.506918 0.726974 0.042575 0.067434
6 0.558008 0.725329 0.031931 0.067434
6 0.600583 0.723684 0.042575 0.077303
6 0.654334 0.724507 0.032996 0.072368
5 0.701699 0.726151 0.042575 0.065789
11 0.750660 0.726974 0.038317 0.074013
11 0.798025 0.727796 0.028738 0.072368
0 0.853904 0.728618 0.036189 0.060855
0 0.897543 0.724507 0.040446 0.065789