9 0.143520 0.688020 0.035339 0.090703
9 0.184159 0.688020 0.031805 0.086924
9 0.226566 0.688964 0.026504 0.085034
9 0.265439 0.683296 0.031805 0.081255
8 0.307403 0.680461 0.023854 0.079365
7 0.347601 0.685185 0.030038 0.088813
7 0.388683 0.686130 0.029155 0.086924
7 0.430648 0.685185 0.035339 0.088813
7 0.469520 0.680461 0.037106 0.090703
5 0.512810 0.688020 0.028271 0.090703
5 0.553892 0.680461 0.030921 0.083144
5 0.596740 0.681406 0.030038 0.081255
5 0.636054 0.681406 0.034455 0.088813
3 0.676694 0.678571 0.027388 0.079365
3 0.718217 0.682351 0.032688 0.083144
2 0.759299 0.690854 0.026504 0.081255
1 0.799496 0.679516 0.027388 0.081255