14 0.027788 0.801879 0.028270 0.228844
11 0.078569 0.725598 0.035599 0.076281
9 0.124639 0.724787 0.039787 0.081150
9 0.168091 0.721541 0.038740 0.081150
6 0.216254 0.722352 0.034552 0.073035
6 0.258135 0.723164 0.036646 0.064920
6 0.306822 0.726410 0.037693 0.068166
6 0.352892 0.723164 0.035599 0.064920
5 0.398438 0.723164 0.034552 0.064920
5 0.441366 0.726410 0.038740 0.071412
5 0.487436 0.723164 0.040834 0.071412
5 0.529840 0.723164 0.035599 0.071412
4 0.577480 0.726410 0.038740 0.071412
2 0.626691 0.723164 0.038740 0.068166
2 0.667525 0.718295 0.032458 0.074658
2 0.713595 0.726410 0.040834 0.071412
1 0.758617 0.725598 0.038740 0.073035
1 0.805210 0.727221 0.035599 0.073035
1 0.854421 0.725598 0.033505 0.073035
0 0.899443 0.728033 0.029317 0.068166