7 0.193863 0.727221 0.040888 0.079527
7 0.243138 0.725598 0.042985 0.076281
7 0.292414 0.725598 0.045082 0.079527
5 0.343786 0.725598 0.030404 0.076281
3 0.393586 0.725598 0.035646 0.082773
2 0.442861 0.725598 0.041937 0.076281
1 0.492137 0.727221 0.044033 0.082773
1 0.540888 0.722352 0.028307 0.069789
1 0.587543 0.723975 0.033549 0.076281
1 0.639964 0.728033 0.035646 0.074658
0 0.688715 0.725598 0.045082 0.076281
0 0.738515 0.726410 0.031452 0.068166
11 0.179709 0.361233 0.025162 0.051936
10 0.695530 0.356364 0.029356 0.058428
10 0.725409 0.359610 0.028307 0.055182
10 0.756338 0.360421 0.029356 0.060051
10 0.789887 0.360421 0.031452 0.056805