14 0.023600 0.797010 0.026176 0.219106
12 0.077522 0.723164 0.041881 0.074658
12 0.123592 0.723975 0.029317 0.069789
12 0.169138 0.729656 0.032458 0.071412
11 0.216254 0.724787 0.034552 0.074658
11 0.260753 0.723975 0.035599 0.073035
11 0.303681 0.722352 0.039787 0.063297
11 0.352368 0.723164 0.032458 0.068166
8 0.396344 0.725598 0.028270 0.073035
6 0.440843 0.725598 0.035599 0.076281
5 0.488483 0.725598 0.030364 0.069789
5 0.534552 0.720729 0.032458 0.079527
4 0.579051 0.724787 0.041881 0.064920
3 0.624073 0.723975 0.033505 0.073035
3 0.668572 0.721541 0.038740 0.071412
3 0.716736 0.723164 0.030364 0.071412
1 0.763329 0.728033 0.033505 0.071412
1 0.804687 0.725598 0.034552 0.069789
1 0.851803 0.727221 0.034552 0.073035
1 0.896825 0.727221 0.040834 0.079527