11 0.112966 0.724346 0.035044 0.073156
11 0.157803 0.721908 0.038136 0.068279
9 0.212946 0.724346 0.039167 0.082911
8 0.262420 0.718657 0.026799 0.074782
8 0.310864 0.720282 0.024737 0.065028
8 0.362400 0.719469 0.030921 0.069905
7 0.409812 0.722721 0.039167 0.069905
6 0.458256 0.723534 0.037106 0.078034
5 0.504123 0.718657 0.036075 0.078034
5 0.556689 0.721908 0.029891 0.074782
4 0.606679 0.718657 0.035044 0.081285
4 0.652031 0.718657 0.030921 0.078034
3 0.700989 0.721095 0.036075 0.069905
1 0.753041 0.724346 0.039167 0.066654
1 0.800969 0.725159 0.031952 0.081285
0 0.847866 0.724346 0.043290 0.063402