12 0.142636 0.683296 0.033572 0.085034
11 0.179742 0.682351 0.031805 0.079365
8 0.225241 0.680461 0.023854 0.086924
7 0.264997 0.680461 0.037989 0.079365
7 0.306962 0.682351 0.035339 0.071807
7 0.346276 0.684240 0.034455 0.075586
7 0.388241 0.687075 0.030038 0.085034
5 0.433298 0.684240 0.030038 0.075586
4 0.473496 0.681406 0.029155 0.085034
4 0.513694 0.684240 0.028271 0.075586
3 0.555659 0.685185 0.023854 0.081255
1 0.596740 0.684240 0.031805 0.086924
1 0.632079 0.681406 0.035339 0.092593
1 0.676694 0.682351 0.029155 0.083144
0 0.718659 0.684240 0.031805 0.079365
0 0.758857 0.683296 0.034455 0.088813
0 0.799938 0.685185 0.021203 0.088813