12 0.139544 0.684240 0.030921 0.071807
12 0.184159 0.682351 0.030038 0.079365
11 0.225241 0.682351 0.032688 0.071807
11 0.267647 0.683296 0.030921 0.088813
11 0.306962 0.687075 0.037106 0.088813
11 0.348485 0.689909 0.031805 0.086924
10 0.388241 0.688964 0.031805 0.081255
8 0.429764 0.678571 0.021203 0.090703
7 0.470404 0.685185 0.044174 0.088813
5 0.514136 0.681406 0.032688 0.081255
4 0.556984 0.685185 0.037106 0.088813
4 0.598065 0.681406 0.034455 0.085034
4 0.638263 0.687075 0.030038 0.088813
1 0.678903 0.684240 0.037106 0.086924
1 0.716892 0.685185 0.028271 0.069917
0 0.760624 0.682351 0.032688 0.083144
0 0.799938 0.685185 0.042407 0.088813