12 0.226566 0.682351 0.026504 0.086924
12 0.266322 0.682351 0.024737 0.075586
11 0.306962 0.684240 0.033572 0.086924
11 0.346718 0.684240 0.033572 0.098262
11 0.387358 0.688020 0.042407 0.075586
11 0.433298 0.684240 0.026504 0.079365
10 0.469962 0.687075 0.032688 0.085034
8 0.513694 0.679516 0.031805 0.073696
7 0.553008 0.688020 0.037989 0.098262
1 0.594973 0.682351 0.030038 0.090703
1 0.637380 0.685185 0.028271 0.077475
0 0.675811 0.684240 0.036222 0.090703
0 0.715567 0.678571 0.029155 0.079365