12 0.141311 0.682351 0.025621 0.079365
12 0.181951 0.684240 0.022087 0.086924
11 0.227449 0.682351 0.031805 0.071807
11 0.265439 0.682351 0.031805 0.086924
11 0.305637 0.688020 0.027388 0.079365
10 0.351135 0.681406 0.033572 0.073696
9 0.389566 0.686130 0.034455 0.094482
9 0.429764 0.687075 0.031805 0.077475
9 0.469079 0.684240 0.030921 0.086924
9 0.511043 0.686130 0.038873 0.086924
8 0.554333 0.683296 0.035339 0.085034
7 0.593206 0.683296 0.035339 0.092593
7 0.635613 0.684240 0.037106 0.086924
6 0.677136 0.685185 0.031805 0.077475
5 0.722635 0.684240 0.032688 0.083144
4 0.759299 0.683296 0.024737 0.085034
0 0.801705 0.686130 0.038873 0.090703