12 0.144845 0.684240 0.030921 0.094482
12 0.182834 0.686130 0.030921 0.071807
11 0.223474 0.686130 0.030921 0.075586
11 0.269414 0.690854 0.032688 0.081255
11 0.308729 0.684240 0.033572 0.079365
10 0.344951 0.683296 0.031805 0.088813
9 0.386916 0.684240 0.032688 0.086924
9 0.428881 0.688964 0.028271 0.081255
9 0.473054 0.688020 0.031805 0.083144
9 0.511043 0.689909 0.030038 0.079365
8 0.553008 0.684240 0.025621 0.075586
7 0.591881 0.681406 0.039756 0.073696
7 0.637380 0.684240 0.031805 0.079365
7 0.676694 0.688020 0.027388 0.079365
5 0.717334 0.686130 0.036222 0.094482
4 0.756206 0.682351 0.027388 0.083144
0 0.799938 0.682351 0.031805 0.094482