14 0.138734 0.794252 0.024737 0.222721
12 0.193362 0.722721 0.032983 0.073156
12 0.242321 0.723534 0.025768 0.071531
10 0.292826 0.721095 0.042259 0.073156
10 0.343331 0.721095 0.034014 0.076408
9 0.393836 0.723534 0.038136 0.078034
9 0.440734 0.721908 0.043290 0.074782
9 0.490208 0.725972 0.037106 0.079659
8 0.542259 0.719469 0.040198 0.076408
8 0.590703 0.721908 0.040198 0.068279
7 0.638116 0.718657 0.044321 0.071531
6 0.689136 0.722721 0.035044 0.082911
6 0.736034 0.721908 0.042259 0.071531
6 0.786024 0.722721 0.035044 0.073156