12 0.140152 0.685185 0.026154 0.079090
12 0.180285 0.682292 0.027056 0.084877
11 0.225379 0.686150 0.025253 0.081019
11 0.267316 0.687114 0.029762 0.082948
8 0.309253 0.684221 0.028860 0.077160
7 0.347583 0.682292 0.036977 0.092593
7 0.389971 0.686150 0.029762 0.088735
7 0.429203 0.687114 0.034271 0.086806
7 0.469787 0.689043 0.034271 0.086806
6 0.510823 0.683256 0.035173 0.086806
4 0.554113 0.685185 0.024351 0.079090
4 0.594246 0.680363 0.030664 0.081019
3 0.635281 0.687114 0.033369 0.090664
3 0.678120 0.686150 0.028860 0.088735
3 0.714646 0.690008 0.029762 0.084877
0 0.760191 0.685185 0.027056 0.082948
0 0.800776 0.683256 0.034271 0.079090