12 0.111783 0.719855 0.038897 0.085499
12 0.158907 0.718227 0.046875 0.076542
12 0.209772 0.719041 0.034907 0.074914
12 0.260138 0.721484 0.039894 0.076542
12 0.307512 0.720670 0.038897 0.074914
8 0.358875 0.718227 0.035904 0.079799
6 0.408244 0.719855 0.042886 0.073285
6 0.455618 0.720670 0.039894 0.074914
6 0.505485 0.719855 0.035904 0.076542
6 0.555851 0.719855 0.032912 0.076542
3 0.606716 0.719855 0.034907 0.076542
2 0.655087 0.720670 0.033910 0.081428
2 0.705952 0.722298 0.035904 0.074914
1 0.752329 0.716598 0.040891 0.073285
1 0.805687 0.723113 0.037899 0.076542
0 0.853061 0.720670 0.026928 0.074914
0 0.900435 0.717413 0.033910 0.068399