14 0.139102 0.768330 0.026504 0.258881
10 0.181509 0.688020 0.031805 0.083144
10 0.224357 0.682351 0.027388 0.079365
10 0.264997 0.689909 0.029155 0.090703
9 0.308287 0.683296 0.032688 0.081255
9 0.347160 0.686130 0.027388 0.079365
9 0.388683 0.686130 0.027388 0.086924
6 0.428439 0.686130 0.029155 0.083144
5 0.471287 0.681406 0.033572 0.077475
4 0.511485 0.684240 0.022087 0.079365
4 0.551241 0.685185 0.032688 0.077475
3 0.594531 0.683296 0.029155 0.081255
3 0.637821 0.683296 0.029155 0.092593
3 0.677578 0.688964 0.023854 0.081255
3 0.716892 0.686130 0.028271 0.086924
2 0.755323 0.685185 0.030921 0.096372
0 0.799055 0.684240 0.026504 0.075586