14 0.159864 0.761716 0.027388 0.241875
11 0.201829 0.685185 0.022970 0.073696
10 0.242910 0.683296 0.032688 0.092593
10 0.288409 0.684240 0.031805 0.083144
10 0.327723 0.686130 0.030921 0.083144
10 0.366596 0.686130 0.027388 0.094482
8 0.409444 0.685185 0.035339 0.085034
7 0.449642 0.687075 0.032688 0.081255
7 0.492049 0.685185 0.030921 0.088813
7 0.528713 0.687075 0.035339 0.092593
6 0.572886 0.685185 0.030038 0.081255
6 0.614409 0.682351 0.033572 0.083144
1 0.655933 0.679516 0.031805 0.096372
1 0.697456 0.685185 0.037106 0.085034
1 0.736328 0.683296 0.035339 0.085034
1 0.780060 0.686130 0.036222 0.079365