12 0.113121 0.727221 0.035599 0.073035
12 0.161285 0.727221 0.029317 0.066543
9 0.213113 0.726410 0.034552 0.071412
8 0.260230 0.724787 0.032458 0.064920
8 0.309440 0.723975 0.030364 0.069789
7 0.355509 0.723164 0.042928 0.074658
7 0.406291 0.723975 0.041881 0.073035
7 0.454978 0.725598 0.047116 0.073035
5 0.505759 0.727221 0.035599 0.082773
3 0.555493 0.723164 0.042928 0.068166
2 0.606274 0.724787 0.037693 0.081150
1 0.656008 0.728033 0.034552 0.068166
1 0.702601 0.723164 0.029317 0.068166
1 0.748670 0.728033 0.029317 0.074658
1 0.799451 0.725598 0.042928 0.073035
0 0.848662 0.722352 0.034552 0.082773
0 0.896825 0.724787 0.024082 0.064920