14 0.109980 0.796199 0.035599 0.223975
11 0.161285 0.727221 0.041881 0.073035
9 0.209448 0.727221 0.048164 0.079527
9 0.259706 0.723164 0.035599 0.077904
6 0.304205 0.725598 0.036646 0.073035
6 0.357604 0.722352 0.036646 0.069789
6 0.406814 0.726410 0.028270 0.064920
6 0.458642 0.725598 0.041881 0.079527
5 0.505759 0.722352 0.039787 0.073035
5 0.549734 0.722352 0.039787 0.079527
5 0.606274 0.726410 0.037693 0.071412
5 0.650773 0.723164 0.049211 0.081150
4 0.700507 0.724787 0.027223 0.071412
1 0.751288 0.725598 0.034552 0.079527
1 0.799975 0.723975 0.037693 0.076281
1 0.844997 0.721541 0.033505 0.068166
0 0.897349 0.726410 0.037693 0.064920