12 0.162168 0.685185 0.026314 0.081699
10 0.201638 0.687908 0.032255 0.079884
10 0.244079 0.687001 0.032255 0.081699
5 0.286096 0.683370 0.026314 0.085330
5 0.326840 0.686093 0.026314 0.076253
5 0.367583 0.687908 0.026314 0.094408
4 0.408327 0.687908 0.029709 0.090777
4 0.449495 0.687001 0.028860 0.085330
3 0.493209 0.683370 0.033104 0.081699
3 0.532680 0.687001 0.032255 0.081699
3 0.572999 0.686093 0.028011 0.083515
2 0.617562 0.687001 0.028860 0.078068
2 0.656184 0.683370 0.026314 0.078068
1 0.696078 0.687908 0.028011 0.083515
1 0.740642 0.689724 0.027162 0.076253
1 0.780536 0.688816 0.028860 0.078068