12 0.114512 0.725159 0.034014 0.071531
11 0.159864 0.724346 0.036075 0.076408
11 0.209854 0.721095 0.032983 0.076408
10 0.259328 0.723534 0.035044 0.071531
10 0.309833 0.724346 0.037106 0.069905
10 0.356215 0.721095 0.039167 0.073156
9 0.408782 0.721908 0.032983 0.068279
9 0.455679 0.725159 0.031952 0.068279
9 0.505669 0.724346 0.039167 0.082911
8 0.555659 0.721908 0.036075 0.084536
8 0.599464 0.722721 0.030921 0.079659
7 0.652031 0.722721 0.045351 0.076408
6 0.701505 0.723534 0.028860 0.068279
4 0.751495 0.721908 0.042259 0.071531
3 0.799938 0.726785 0.034014 0.065028
2 0.850959 0.721908 0.037106 0.068279
0 0.897341 0.716218 0.039167 0.076408