14 0.138219 0.765495 0.024737 0.245654
12 0.184601 0.684240 0.030921 0.079365
12 0.223032 0.685185 0.026504 0.077475
12 0.266764 0.687075 0.027388 0.077475
11 0.306962 0.688020 0.031805 0.090703
7 0.346276 0.686130 0.034455 0.083144
6 0.392217 0.683296 0.032688 0.081255
6 0.431089 0.688020 0.023854 0.083144
5 0.468195 0.686130 0.034455 0.083144
5 0.512369 0.680461 0.025621 0.079365
4 0.553892 0.681406 0.030921 0.096372
4 0.593206 0.682351 0.028271 0.090703
3 0.636938 0.679516 0.032688 0.092593
2 0.673160 0.683296 0.029155 0.081255
1 0.720868 0.686130 0.043290 0.090703
1 0.759740 0.679516 0.034455 0.077475
1 0.805681 0.685185 0.032688 0.077475