13 0.139986 0.766440 0.026504 0.255102
12 0.181067 0.687075 0.029155 0.077475
12 0.223474 0.687075 0.029155 0.069917
12 0.263672 0.685185 0.024737 0.085034
8 0.306962 0.683296 0.028271 0.085034
8 0.346276 0.684240 0.020320 0.079365
6 0.389566 0.684240 0.025621 0.079365
6 0.429322 0.682351 0.029155 0.086924
6 0.471287 0.685185 0.024737 0.081255
6 0.508393 0.687075 0.033572 0.081255
4 0.556100 0.685185 0.035339 0.081255
4 0.592764 0.681406 0.029155 0.088813
2 0.636938 0.684240 0.034455 0.083144
1 0.676252 0.682351 0.033572 0.086924
1 0.718217 0.680461 0.029155 0.086924
0 0.759299 0.683296 0.031805 0.077475
0 0.798171 0.682351 0.026504 0.086924