14 0.060733 0.761438 0.018674 0.245098
13 0.104448 0.757807 0.017825 0.234205
11 0.154528 0.686093 0.034802 0.090777
10 0.192301 0.683370 0.028860 0.081699
10 0.238562 0.686093 0.034802 0.087146
9 0.281003 0.687001 0.029709 0.085330
9 0.323020 0.687908 0.032255 0.083515
9 0.364188 0.688816 0.033104 0.088962
5 0.408327 0.686093 0.028011 0.083515
4 0.450768 0.684277 0.033104 0.079884
4 0.490663 0.683370 0.026314 0.088962
3 0.534802 0.684277 0.029709 0.076253
3 0.574697 0.687001 0.033104 0.078068
3 0.618411 0.686093 0.030558 0.079884
3 0.662125 0.686093 0.028011 0.083515
2 0.705415 0.684277 0.036499 0.083515
1 0.748281 0.687001 0.032255 0.085330
1 0.789449 0.684277 0.024616 0.079884
1 0.832315 0.683370 0.032255 0.096224
0 0.876029 0.684277 0.033104 0.079884