12 0.142636 0.687075 0.026504 0.077475
12 0.185043 0.683296 0.026504 0.085034
12 0.225241 0.687075 0.022087 0.081255
11 0.264997 0.687075 0.029155 0.073696
11 0.306520 0.684240 0.032688 0.083144
11 0.348485 0.683296 0.030038 0.085034
11 0.387799 0.685185 0.027388 0.092593
10 0.431531 0.688964 0.035339 0.092593
6 0.469962 0.684240 0.027388 0.083144
6 0.511043 0.685185 0.024737 0.085034
6 0.551683 0.689909 0.028271 0.083144
6 0.593648 0.688020 0.027388 0.083144
5 0.635171 0.682351 0.032688 0.079365
3 0.677578 0.686130 0.032688 0.083144
1 0.719101 0.685185 0.029155 0.081255
1 0.758857 0.684240 0.027388 0.086924
1 0.799938 0.685185 0.038873 0.085034