1 0.176029 0.342323 0.024120 0.063433
1 0.207824 0.342323 0.026312 0.063433
1 0.236877 0.342323 0.027409 0.059809
3 0.269219 0.343229 0.032890 0.061621
14 0.088870 0.787263 0.036179 0.224735
13 0.134368 0.789075 0.037276 0.235610
11 0.188637 0.717486 0.036179 0.081557
7 0.241262 0.716580 0.040565 0.068871
7 0.291146 0.719298 0.035083 0.067058
7 0.341030 0.713861 0.042758 0.085182
7 0.389817 0.714767 0.037276 0.079745
5 0.439153 0.711143 0.043854 0.068871
5 0.493422 0.716580 0.042758 0.086994
4 0.541113 0.715673 0.039468 0.070683
4 0.589900 0.715673 0.038372 0.077932
3 0.637043 0.716580 0.036179 0.076120
3 0.690764 0.716580 0.036179 0.072495
3 0.740100 0.715673 0.042758 0.085182
0 0.788339 0.718392 0.040565 0.079745
0 0.838223 0.714767 0.043854 0.076120