1 0.805239 0.685185 0.035339 0.073696
2 0.761065 0.682351 0.033572 0.083144
3 0.719101 0.687075 0.034455 0.077475
3 0.679344 0.683296 0.036222 0.069917
5 0.636054 0.682351 0.030921 0.094482
5 0.595857 0.680461 0.031805 0.079365
5 0.556542 0.693689 0.034455 0.079365
5 0.513252 0.680461 0.037989 0.090703
7 0.472612 0.682351 0.032688 0.086924
7 0.429764 0.683296 0.037106 0.081255
7 0.389566 0.686130 0.032688 0.090703
7 0.345834 0.685185 0.033572 0.077475
8 0.306962 0.675737 0.028271 0.085034
9 0.269414 0.683296 0.032688 0.085034
9 0.223916 0.681406 0.030038 0.092593
9 0.184601 0.685185 0.027388 0.092593
9 0.142636 0.686130 0.033572 0.079365
1 0.165165 0.343159 0.020320 0.066138
1 0.191669 0.340325 0.020320 0.068027
1 0.217290 0.339380 0.018553 0.069917
0 0.241585 0.342215 0.024737 0.060469
0 0.266322 0.343159 0.017669 0.058579
0 0.290618 0.339380 0.018553 0.058579
11 0.316238 0.342215 0.020320 0.064248
3 0.345834 0.343159 0.028271 0.066138