14 0.159864 0.766440 0.023854 0.243764
12 0.204921 0.683296 0.022087 0.077475
12 0.245119 0.688020 0.024737 0.083144
12 0.286200 0.684240 0.025621 0.079365
11 0.326840 0.686130 0.029155 0.079365
6 0.367038 0.689909 0.026504 0.086924
6 0.412095 0.681406 0.024737 0.085034
5 0.450967 0.683296 0.022970 0.085034
5 0.492049 0.684240 0.025621 0.079365
4 0.533572 0.686130 0.027388 0.098262
4 0.569794 0.684240 0.027388 0.094482
3 0.614409 0.682351 0.019436 0.086924
2 0.659025 0.684240 0.029155 0.090703
1 0.697456 0.688964 0.037106 0.096372
1 0.741187 0.693689 0.029155 0.075586
1 0.784477 0.690854 0.036222 0.077475