12 0.143069 0.687001 0.037348 0.081699
11 0.184237 0.686093 0.031407 0.079884
11 0.224132 0.685185 0.033104 0.085330
8 0.266149 0.684277 0.027162 0.083515
8 0.306468 0.685185 0.024616 0.081699
8 0.347636 0.684277 0.028860 0.083515
8 0.388804 0.684277 0.021221 0.083515
6 0.429548 0.684277 0.029709 0.083515
6 0.469018 0.685185 0.025465 0.085330
6 0.511035 0.688816 0.028011 0.085330
5 0.554325 0.688816 0.026314 0.081699
3 0.594220 0.686093 0.028011 0.087146
3 0.634963 0.680646 0.024616 0.094408
3 0.676980 0.685185 0.028860 0.078068
2 0.717299 0.685185 0.024616 0.081699
2 0.759316 0.684277 0.023767 0.072622
2 0.800059 0.681554 0.032255 0.081699