14 0.040094 0.785881 0.032656 0.218786
13 0.087264 0.784422 0.029028 0.210035
11 0.136248 0.712952 0.036284 0.072929
9 0.186139 0.715869 0.038099 0.078763
9 0.231620 0.712248 0.037536 0.080473
8 0.276663 0.713254 0.040038 0.082485
7 0.325459 0.713254 0.035033 0.074438
7 0.374881 0.711242 0.041289 0.078461
7 0.421175 0.711242 0.038787 0.086509
7 0.464967 0.711242 0.043792 0.082485
5 0.512512 0.714260 0.048796 0.084497
5 0.560683 0.711242 0.035033 0.082485
4 0.607320 0.714472 0.048039 0.085460
4 0.655359 0.716116 0.041906 0.078886
3 0.698798 0.714472 0.040884 0.088747
3 0.748881 0.716116 0.034751 0.078886
3 0.795897 0.716116 0.036796 0.078886
0 0.843936 0.715294 0.034751 0.077243
0 0.888397 0.712829 0.039862 0.072313
11 0.789254 0.355375 0.023508 0.064095