12 0.145728 0.682351 0.030921 0.086924
11 0.184601 0.685185 0.039756 0.081255
8 0.227008 0.681406 0.034455 0.077475
7 0.265439 0.681406 0.038873 0.081255
7 0.305637 0.679516 0.032688 0.092593
7 0.348485 0.688020 0.044174 0.086924
7 0.389124 0.688964 0.028271 0.085034
5 0.431531 0.680461 0.031805 0.090703
4 0.467753 0.683296 0.031805 0.092593
4 0.511043 0.687075 0.037106 0.088813
3 0.554775 0.680461 0.030921 0.086924
1 0.595415 0.682351 0.034455 0.075586
1 0.633404 0.686130 0.034455 0.083144
1 0.680228 0.689909 0.037989 0.079365
0 0.718217 0.686130 0.027388 0.075586
0 0.757532 0.685185 0.040640 0.081255
0 0.802589 0.682351 0.030038 0.071807