14 0.135569 0.766440 0.022970 0.258881
13 0.177975 0.770219 0.024737 0.247543
12 0.224799 0.679516 0.026504 0.077475
12 0.265439 0.681406 0.030038 0.085034
11 0.309612 0.683296 0.033572 0.088813
11 0.346718 0.687075 0.031805 0.088813
7 0.387799 0.685185 0.034455 0.081255
7 0.430648 0.686130 0.031805 0.075586
7 0.471287 0.685185 0.037106 0.085034
7 0.511927 0.688020 0.031805 0.086924
6 0.553450 0.683296 0.033572 0.081255
6 0.594973 0.681406 0.026504 0.085034
6 0.636938 0.684240 0.029155 0.083144
0 0.678903 0.685185 0.033572 0.081255
0 0.719101 0.683296 0.030921 0.077475
0 0.756648 0.682351 0.028271 0.071807
0 0.800822 0.682351 0.026504 0.075586