11 0.112036 0.725329 0.044704 0.070724
10 0.162061 0.728618 0.036189 0.070724
10 0.209958 0.723684 0.036189 0.070724
9 0.259452 0.723684 0.039382 0.087171
9 0.311074 0.726151 0.042575 0.072368
9 0.358438 0.722862 0.037253 0.085526
9 0.407400 0.729441 0.041511 0.072368
7 0.456893 0.721217 0.048961 0.069079
7 0.507983 0.724507 0.038317 0.072368
4 0.556412 0.727796 0.045768 0.069079
4 0.602180 0.722862 0.035124 0.075658
4 0.653270 0.727796 0.043639 0.078947
3 0.705424 0.725329 0.039382 0.080592
2 0.750660 0.726151 0.036189 0.078947
0 0.798025 0.731086 0.037253 0.069079
0 0.844325 0.726974 0.038317 0.077303
0 0.898076 0.722039 0.030867 0.064145