0 0.803476 0.712581 0.032425 0.065662
0 0.851606 0.716685 0.035465 0.080436
1 0.754332 0.713402 0.041544 0.073870
12 0.115969 0.713402 0.037491 0.073870
11 0.164606 0.715043 0.039518 0.073870
11 0.213750 0.715864 0.034451 0.075511
8 0.263401 0.715043 0.030398 0.070587
8 0.312038 0.719968 0.036478 0.070587
7 0.361688 0.716685 0.030398 0.077153
7 0.410832 0.717505 0.039518 0.072228
6 0.458962 0.716685 0.034451 0.073870
6 0.508613 0.717505 0.030398 0.075511
4 0.558770 0.713402 0.041544 0.077153
4 0.606900 0.715043 0.034451 0.064020
3 0.657564 0.713402 0.042558 0.080436
2 0.706201 0.715043 0.038504 0.077153