12 0.111504 0.726151 0.037253 0.065789
12 0.160465 0.723684 0.037253 0.074013
12 0.208894 0.723684 0.031931 0.070724
10 0.260516 0.722039 0.032996 0.070724
10 0.306284 0.727796 0.037253 0.078947
9 0.357906 0.731086 0.038317 0.072368
8 0.405803 0.723684 0.031931 0.074013
8 0.450507 0.726151 0.038317 0.078947
7 0.506918 0.722039 0.038317 0.070724
7 0.554815 0.724507 0.040446 0.072368
6 0.602712 0.722862 0.025545 0.062500
6 0.651141 0.725329 0.035124 0.074013
6 0.702763 0.726151 0.029802 0.072368
3 0.753853 0.722862 0.042575 0.062500
3 0.799089 0.722862 0.028738 0.075658
2 0.851775 0.726151 0.042575 0.075658
1 0.896479 0.723684 0.040446 0.074013