12 0.142406 0.685185 0.028860 0.079090
12 0.182991 0.688079 0.032468 0.084877
11 0.224477 0.686150 0.034271 0.084877
11 0.265512 0.690008 0.027958 0.088735
8 0.306999 0.686150 0.027958 0.088735
7 0.348936 0.685185 0.036075 0.090664
7 0.390873 0.685185 0.033369 0.082948
7 0.429203 0.686150 0.030664 0.081019
7 0.470238 0.685185 0.031566 0.079090
6 0.511724 0.685185 0.029762 0.086806
4 0.554563 0.677469 0.032468 0.086806
4 0.592893 0.687114 0.031566 0.082948
3 0.634830 0.686150 0.036075 0.088735
3 0.676317 0.687114 0.027056 0.086806
3 0.717352 0.682292 0.024351 0.088735
0 0.760191 0.687114 0.030664 0.071373
0 0.800776 0.686150 0.030664 0.077160