9 0.142636 0.684240 0.030038 0.090703
9 0.183718 0.686130 0.027388 0.075586
9 0.222590 0.685185 0.029155 0.088813
9 0.267206 0.686130 0.030038 0.086924
8 0.306962 0.686130 0.028271 0.083144
7 0.346276 0.690854 0.037989 0.085034
7 0.385591 0.684240 0.037106 0.079365
7 0.429764 0.684240 0.028271 0.086924
7 0.471287 0.686130 0.031805 0.086924
5 0.515902 0.688020 0.039756 0.079365
5 0.557867 0.686130 0.037106 0.090703
5 0.590556 0.684240 0.038873 0.094482
5 0.636496 0.686130 0.037106 0.090703
3 0.680670 0.684240 0.026504 0.090703
3 0.715125 0.684240 0.035339 0.094482
2 0.758857 0.681406 0.029155 0.092593
1 0.802147 0.688020 0.025621 0.086924