12 0.144403 0.686130 0.035339 0.075586
12 0.183718 0.687075 0.032688 0.073696
11 0.221707 0.679516 0.041523 0.092593
11 0.266764 0.683296 0.034455 0.077475
11 0.305637 0.686130 0.041523 0.094482
10 0.344067 0.687075 0.031805 0.081255
9 0.387799 0.687075 0.027388 0.096372
9 0.429764 0.689909 0.030038 0.079365
9 0.469520 0.686130 0.022970 0.083144
9 0.509718 0.680461 0.034455 0.090703
8 0.554333 0.682351 0.037106 0.086924
7 0.592764 0.678571 0.036222 0.079365
7 0.636054 0.687075 0.032688 0.077475
6 0.679344 0.685185 0.034455 0.081255
5 0.720426 0.683296 0.028271 0.069917
4 0.761065 0.684240 0.024737 0.079365
0 0.807006 0.683296 0.047707 0.073696