14 0.139250 0.767792 0.031407 0.254176
13 0.177871 0.771423 0.027162 0.261438
12 0.223283 0.683370 0.024616 0.081699
11 0.264876 0.685185 0.036499 0.081699
11 0.308166 0.687001 0.029709 0.081699
10 0.346787 0.684277 0.035651 0.087146
10 0.389653 0.687908 0.029709 0.083515
9 0.430821 0.684277 0.032255 0.087146
9 0.469867 0.685185 0.028860 0.081699
8 0.513157 0.683370 0.027162 0.074437
7 0.555598 0.685185 0.035651 0.081699
6 0.594220 0.682462 0.033104 0.076253
6 0.636236 0.687001 0.030558 0.088962
5 0.676131 0.687001 0.035651 0.085330
4 0.715601 0.687908 0.024616 0.087146
4 0.758467 0.682462 0.033953 0.087146
2 0.800908 0.687001 0.042441 0.085330
8 0.707962 0.289397 0.021221 0.067175
8 0.733002 0.290305 0.022069 0.065359
8 0.759740 0.288489 0.024616 0.058097
0 0.783083 0.288489 0.020372 0.065359