14 0.137976 0.769608 0.025465 0.254176
13 0.177447 0.771423 0.024616 0.257807
12 0.225830 0.683370 0.028011 0.088962
11 0.264451 0.683370 0.030558 0.085330
11 0.306892 0.683370 0.035651 0.092593
10 0.347636 0.686093 0.032255 0.087146
10 0.388804 0.682462 0.034802 0.083515
9 0.431245 0.685185 0.031407 0.088962
9 0.472413 0.687001 0.030558 0.085330
8 0.511884 0.685185 0.026314 0.092593
7 0.552627 0.686093 0.033104 0.079884
6 0.595493 0.686093 0.027162 0.079884
6 0.636661 0.684277 0.026314 0.079884
5 0.676131 0.685185 0.030558 0.088962
4 0.719421 0.685185 0.030558 0.081699
4 0.760165 0.684277 0.033953 0.079884
2 0.801333 0.681554 0.031407 0.092593