14 0.139544 0.767385 0.025621 0.260771
12 0.185485 0.685185 0.032688 0.085034
12 0.225241 0.684240 0.027388 0.075586
12 0.264997 0.688020 0.030921 0.083144
9 0.304311 0.681406 0.031805 0.081255
8 0.350252 0.682351 0.033572 0.079365
8 0.389124 0.683296 0.024737 0.088813
7 0.429322 0.687075 0.034455 0.077475
6 0.473496 0.688020 0.030921 0.094482
6 0.511927 0.688964 0.028271 0.085034
6 0.552125 0.688020 0.025621 0.086924
3 0.595857 0.682351 0.031805 0.079365
3 0.633846 0.684240 0.022970 0.079365
2 0.678019 0.682351 0.026504 0.083144
2 0.716450 0.681406 0.027388 0.081255
2 0.759299 0.688020 0.035339 0.090703
2 0.800380 0.682351 0.029155 0.086924