2 0.750241 0.728844 0.036646 0.069789
2 0.800498 0.725598 0.036646 0.073035
2 0.850232 0.723164 0.033505 0.068166
2 0.895778 0.721541 0.040834 0.064920
3 0.604180 0.728844 0.048164 0.066543
3 0.649202 0.729656 0.031411 0.064920
3 0.704171 0.723164 0.038740 0.068166
4 0.510994 0.723164 0.035599 0.058428
4 0.554969 0.724787 0.043975 0.061674
6 0.358127 0.723975 0.041881 0.063297
6 0.411526 0.721541 0.037693 0.064920
6 0.458642 0.722352 0.033505 0.066543
7 0.309440 0.720729 0.042928 0.066543
7 0.259706 0.725598 0.037693 0.076281
8 0.208925 0.724787 0.042928 0.074658
12 0.112598 0.721541 0.034552 0.074658
12 0.159714 0.724787 0.034552 0.074658