12 0.114168 0.723975 0.033505 0.076281
12 0.161285 0.723975 0.029317 0.069789
8 0.212066 0.725598 0.032458 0.066543
7 0.261800 0.721541 0.046069 0.081150
7 0.309964 0.724787 0.041881 0.074658
6 0.358127 0.726410 0.033505 0.064920
6 0.407861 0.725598 0.032458 0.069789
6 0.453931 0.724787 0.038740 0.071412
4 0.506806 0.722352 0.033505 0.066543
4 0.556540 0.727221 0.038740 0.069789
3 0.606274 0.723164 0.043975 0.077904
3 0.655484 0.723164 0.033505 0.074658
3 0.703648 0.723975 0.039787 0.076281
2 0.753382 0.719918 0.042928 0.068166
2 0.800498 0.723164 0.040834 0.074658
2 0.851803 0.721541 0.040834 0.077904
2 0.896825 0.725598 0.038740 0.076281
10 0.179608 0.358798 0.026176 0.063297
10 0.209543 0.358555 0.025945 0.056578
10 0.239886 0.359237 0.025945 0.057941
10 0.270888 0.360600 0.029903 0.059305