13 0.139544 0.770219 0.027388 0.247543
12 0.185926 0.683296 0.031805 0.077475
10 0.223474 0.678571 0.030921 0.086924
9 0.266764 0.687075 0.034455 0.085034
9 0.306078 0.685185 0.022970 0.081255
9 0.348485 0.686130 0.035339 0.083144
8 0.388241 0.686130 0.022970 0.098262
8 0.431973 0.684240 0.027388 0.079365
8 0.471729 0.688020 0.023854 0.083144
8 0.511927 0.684240 0.028271 0.075586
7 0.553008 0.684240 0.032688 0.083144
7 0.595857 0.687075 0.028271 0.081255
2 0.636938 0.684240 0.029155 0.083144
2 0.678903 0.683296 0.022970 0.077475
0 0.714683 0.681406 0.020320 0.088813
0 0.760624 0.685185 0.029155 0.077475
0 0.801263 0.684240 0.025621 0.071807