14 0.138825 0.766885 0.027162 0.245098
13 0.177447 0.766885 0.028011 0.255991
11 0.223708 0.684277 0.032255 0.079884
10 0.264876 0.685185 0.031407 0.074437
10 0.306044 0.684277 0.032255 0.076253
9 0.348060 0.687001 0.036499 0.092593
9 0.388380 0.687001 0.028860 0.085330
9 0.430396 0.685185 0.034802 0.085330
5 0.471989 0.686093 0.026314 0.083515
4 0.511884 0.682462 0.033104 0.083515
4 0.555598 0.682462 0.030558 0.087146
3 0.591673 0.686093 0.028011 0.079884
3 0.633265 0.687001 0.028011 0.074437
3 0.676555 0.690632 0.028011 0.081699
3 0.719421 0.687001 0.027162 0.085330
1 0.761013 0.686093 0.028860 0.079884
1 0.801757 0.687001 0.030558 0.085330