9 0.143078 0.683296 0.034455 0.088813
9 0.182392 0.685185 0.028271 0.088813
9 0.224799 0.685185 0.031805 0.088813
9 0.265880 0.684240 0.025621 0.083144
8 0.304311 0.684240 0.022970 0.075586
7 0.348043 0.687075 0.030921 0.088813
7 0.389124 0.682351 0.026504 0.075586
7 0.430206 0.685185 0.036222 0.077475
7 0.469520 0.691799 0.031805 0.079365
5 0.513252 0.685185 0.029155 0.085034
5 0.555217 0.684240 0.033572 0.079365
5 0.596298 0.685185 0.027388 0.085034
5 0.636054 0.687075 0.025621 0.085034
3 0.677136 0.682351 0.031805 0.086924
3 0.719984 0.683296 0.023854 0.073696
2 0.760624 0.681406 0.027388 0.081255
1 0.799496 0.685185 0.025621 0.069917