14 0.158097 0.769274 0.025621 0.253212
12 0.204921 0.686130 0.027388 0.086924
12 0.245119 0.688020 0.028271 0.071807
12 0.288409 0.684240 0.030038 0.068027
11 0.328165 0.688964 0.035339 0.088813
6 0.367479 0.682351 0.022087 0.079365
6 0.407677 0.686130 0.033572 0.075586
5 0.450967 0.682351 0.028271 0.086924
5 0.491165 0.685185 0.030921 0.073696
4 0.532247 0.680461 0.028271 0.075586
4 0.574653 0.681406 0.031805 0.085034
3 0.611317 0.685185 0.029155 0.088813
2 0.657258 0.686130 0.045057 0.083144
1 0.700548 0.680461 0.027388 0.094482
1 0.738537 0.680461 0.034455 0.075586
1 0.779177 0.685185 0.029155 0.088813