13 0.137777 0.768330 0.020320 0.251323
12 0.182392 0.682351 0.024737 0.083144
12 0.222149 0.684240 0.030038 0.086924
12 0.264997 0.684240 0.025621 0.083144
10 0.307845 0.684240 0.031805 0.079365
10 0.347160 0.686130 0.025621 0.086924
9 0.390450 0.686130 0.032688 0.086924
9 0.430648 0.682351 0.031805 0.079365
9 0.472171 0.687075 0.026504 0.081255
9 0.513694 0.686130 0.035339 0.083144
6 0.553892 0.680461 0.025621 0.086924
4 0.593648 0.680461 0.029155 0.086924
4 0.636496 0.680461 0.028271 0.086924
4 0.676252 0.685185 0.031805 0.069917
4 0.717334 0.676682 0.025621 0.083144
2 0.759740 0.679516 0.027388 0.077475
1 0.800822 0.683296 0.022970 0.073696