12 0.112966 0.726785 0.032983 0.074782
10 0.160379 0.722721 0.041229 0.082911
10 0.213461 0.720282 0.042259 0.068279
0 0.896825 0.724346 0.038136 0.076408
9 0.258813 0.722721 0.036075 0.086162
9 0.304164 0.719469 0.044321 0.069905
9 0.358277 0.722721 0.032983 0.073156
8 0.408266 0.722721 0.034014 0.073156
9 0.457225 0.722721 0.039167 0.066654
7 0.505154 0.720282 0.038136 0.068279
6 0.553597 0.721095 0.027829 0.076408
6 0.604102 0.721095 0.038136 0.066654
5 0.654607 0.721908 0.036075 0.078034
4 0.698928 0.722721 0.036075 0.073156
3 0.752525 0.724346 0.034014 0.069905
2 0.801484 0.721095 0.037106 0.076408
1 0.850443 0.721095 0.034014 0.073156