14 0.159422 0.767385 0.024737 0.241875
11 0.204037 0.683296 0.036222 0.088813
10 0.243794 0.686130 0.029155 0.079365
10 0.284433 0.691799 0.032688 0.079365
10 0.326840 0.677627 0.029155 0.081255
10 0.369688 0.688964 0.028271 0.077475
8 0.409444 0.683296 0.028271 0.081255
7 0.450526 0.682351 0.039756 0.086924
7 0.488515 0.688964 0.030921 0.073696
7 0.533572 0.685185 0.027388 0.081255
6 0.572886 0.688020 0.026504 0.075586
6 0.615735 0.683296 0.025621 0.077475
1 0.655049 0.682351 0.033572 0.079365
1 0.697897 0.683296 0.030921 0.077475
1 0.738095 0.682351 0.021203 0.075586
1 0.776968 0.683296 0.035339 0.085034
4 0.708499 0.339380 0.020320 0.066138
4 0.732353 0.336546 0.018553 0.056689
4 0.757090 0.342215 0.022087 0.064248
6 0.784036 0.340325 0.021203 0.064248