11 0.122243 0.720282 0.039167 0.074782
11 0.170686 0.721908 0.039167 0.074782
8 0.219645 0.719469 0.038136 0.076408
8 0.267574 0.721095 0.026799 0.069905
8 0.316533 0.715405 0.038136 0.071531
7 0.366522 0.723534 0.035044 0.078034
6 0.417543 0.726785 0.040198 0.078034
5 0.470625 0.725159 0.045351 0.074782
5 0.516491 0.722721 0.042259 0.082911
4 0.564935 0.722721 0.042259 0.066654
4 0.614925 0.721908 0.037106 0.078034
3 0.665430 0.723534 0.043290 0.078034
1 0.713358 0.720282 0.036075 0.081285
1 0.761286 0.724346 0.032983 0.073156
0 0.815399 0.722721 0.038136 0.066654