12 0.162592 0.686093 0.037348 0.090777
10 0.203760 0.687001 0.028011 0.096224
10 0.245777 0.681554 0.030558 0.088962
5 0.286096 0.688816 0.031407 0.081699
5 0.327689 0.683370 0.028011 0.081699
5 0.369281 0.688816 0.034802 0.085330
4 0.412147 0.685185 0.033953 0.088962
4 0.450344 0.687001 0.025465 0.081699
3 0.493634 0.685185 0.025465 0.081699
3 0.532680 0.682462 0.028860 0.076253
3 0.577243 0.687908 0.036499 0.083515
2 0.615865 0.681554 0.033953 0.081699
2 0.656608 0.684277 0.025465 0.083515
1 0.697352 0.686093 0.032255 0.083515
1 0.738944 0.687001 0.028860 0.081699
1 0.782659 0.687001 0.029709 0.081699