12 0.113632 0.723684 0.041511 0.074013
11 0.162061 0.724507 0.046832 0.078947
11 0.211023 0.728618 0.042575 0.074013
11 0.260516 0.725329 0.041511 0.067434
11 0.309477 0.723684 0.041511 0.070724
10 0.358438 0.728618 0.030867 0.074013
10 0.408996 0.724507 0.038317 0.078947
8 0.457425 0.722862 0.030867 0.069079
8 0.505322 0.726974 0.041511 0.070724
8 0.555880 0.724507 0.034060 0.065789
7 0.605905 0.720395 0.046832 0.070724
6 0.650609 0.727796 0.036189 0.072368
5 0.703295 0.722862 0.035124 0.078947
5 0.750660 0.726974 0.036189 0.070724
5 0.798557 0.725329 0.038317 0.080592
3 0.851243 0.727796 0.041511 0.072368
3 0.895415 0.723684 0.036189 0.067434