14 0.138219 0.764550 0.017669 0.247543
13 0.179742 0.767385 0.019436 0.253212
12 0.225241 0.682351 0.023854 0.075586
12 0.268973 0.683296 0.035339 0.077475
11 0.308287 0.686130 0.029155 0.086924
11 0.347601 0.688020 0.024737 0.090703
7 0.390008 0.686130 0.038873 0.086924
7 0.427114 0.681406 0.031805 0.088813
7 0.470404 0.686130 0.030038 0.083144
7 0.514577 0.682351 0.033572 0.083144
6 0.555659 0.685185 0.032688 0.081255
6 0.595415 0.687075 0.032688 0.077475
6 0.635613 0.688020 0.028271 0.079365
0 0.678903 0.685185 0.028271 0.088813
0 0.719101 0.686130 0.027388 0.083144
0 0.761949 0.686130 0.028271 0.071807
0 0.801263 0.681406 0.023854 0.077475