12 0.222149 0.683296 0.028271 0.092593
12 0.268973 0.692744 0.035339 0.085034
11 0.305195 0.686130 0.030038 0.083144
11 0.347160 0.685185 0.027388 0.092593
11 0.384707 0.684240 0.040640 0.098262
11 0.432415 0.689909 0.028271 0.086924
10 0.470845 0.681406 0.034455 0.096372
8 0.515019 0.678571 0.029155 0.086924
7 0.554775 0.682351 0.034455 0.090703
1 0.598949 0.682351 0.029155 0.064248
1 0.636938 0.683296 0.032688 0.085034
0 0.674044 0.686130 0.029155 0.075586
0 0.719984 0.681406 0.027388 0.088813