12 0.112598 0.719106 0.040834 0.069789
12 0.165997 0.723975 0.038740 0.063297
8 0.213637 0.722352 0.035599 0.073035
7 0.260753 0.728844 0.041881 0.073035
7 0.311011 0.728033 0.037693 0.071412
6 0.354986 0.729656 0.043975 0.077904
6 0.409955 0.724787 0.034552 0.081150
6 0.452884 0.724787 0.038740 0.077904
4 0.502618 0.726410 0.035599 0.081150
4 0.552352 0.723164 0.042928 0.071412
3 0.605750 0.728033 0.038740 0.061674
3 0.651296 0.725598 0.029317 0.076281
3 0.702601 0.726410 0.039787 0.077904
2 0.753382 0.724787 0.040834 0.077904
2 0.802069 0.723975 0.041881 0.079527
2 0.853374 0.723164 0.035599 0.071412
2 0.895778 0.721541 0.038740 0.081150