14 0.138825 0.769608 0.023767 0.254176
13 0.179144 0.769608 0.031407 0.257807
12 0.222434 0.685185 0.031407 0.081699
11 0.266149 0.684277 0.030558 0.087146
11 0.306468 0.687908 0.029709 0.072622
11 0.348060 0.687001 0.026314 0.088962
10 0.387955 0.687001 0.026314 0.085330
7 0.429972 0.688816 0.032255 0.085330
7 0.470716 0.687908 0.030558 0.087146
6 0.512732 0.686093 0.028011 0.079884
6 0.553476 0.687908 0.029709 0.072622
6 0.597190 0.686093 0.028860 0.083515
5 0.633265 0.684277 0.033104 0.076253
1 0.678253 0.685185 0.029709 0.070806
1 0.718148 0.688816 0.031407 0.074437
0 0.757194 0.688816 0.026314 0.078068
0 0.801333 0.683370 0.026314 0.088962