12 0.111936 0.718657 0.045351 0.078034
11 0.162956 0.720282 0.038136 0.074782
11 0.211400 0.722721 0.034014 0.069905
10 0.258813 0.719469 0.044321 0.069905
10 0.307256 0.722721 0.034014 0.073156
10 0.355184 0.723534 0.039167 0.068279
9 0.409297 0.725159 0.036075 0.078034
9 0.455164 0.723534 0.032983 0.081285
9 0.505669 0.719469 0.037106 0.076408
8 0.552051 0.721095 0.028860 0.069905
8 0.599979 0.721908 0.034014 0.074782
7 0.652031 0.722721 0.039167 0.069905
6 0.703051 0.723534 0.040198 0.074782
4 0.750979 0.718657 0.030921 0.068279
3 0.800454 0.724346 0.032983 0.063402
2 0.849412 0.721908 0.038136 0.071531
0 0.901464 0.719469 0.037106 0.069905