14 0.136894 0.769274 0.025621 0.256992
12 0.183718 0.688964 0.027388 0.081255
12 0.224357 0.683296 0.030921 0.085034
12 0.265880 0.686130 0.032688 0.083144
11 0.306520 0.685185 0.032688 0.088813
7 0.347601 0.677627 0.033572 0.092593
6 0.386474 0.681406 0.030038 0.081255
6 0.427997 0.688020 0.028271 0.086924
5 0.470845 0.684240 0.030921 0.083144
5 0.515019 0.681406 0.025621 0.085034
4 0.553450 0.683296 0.026504 0.073696
4 0.593648 0.679516 0.025621 0.081255
3 0.636496 0.683296 0.024737 0.085034
2 0.676694 0.684240 0.034455 0.075586
1 0.720868 0.684240 0.032688 0.083144
1 0.758415 0.687075 0.033572 0.081255
1 0.803472 0.688964 0.031805 0.073696