11 0.248477 0.719255 0.037077 0.081508
11 0.298080 0.720070 0.038079 0.076617
8 0.345178 0.719255 0.032067 0.068466
8 0.396785 0.720070 0.035073 0.070097
7 0.444885 0.721701 0.043090 0.083138
7 0.494489 0.723331 0.042088 0.083138
6 0.542589 0.719255 0.038079 0.074987
6 0.594196 0.720885 0.031065 0.074987
4 0.645302 0.720070 0.033069 0.083138
0 0.696910 0.721701 0.044092 0.076617
0 0.546597 0.528528 0.024050 0.055425
1 0.517536 0.529343 0.024050 0.053795
2 0.486472 0.526082 0.020042 0.057055
3 0.459416 0.528528 0.024050 0.061946
4 0.426848 0.523637 0.023048 0.058685