9 0.143961 0.685185 0.029155 0.085034
9 0.183276 0.685185 0.024737 0.077475
9 0.223032 0.684240 0.028271 0.090703
9 0.265880 0.684240 0.027388 0.094482
8 0.308729 0.682351 0.026504 0.079365
7 0.349368 0.688020 0.040640 0.083144
7 0.391333 0.687075 0.029155 0.077475
7 0.429764 0.687075 0.028271 0.092593
7 0.471729 0.685185 0.039756 0.081255
5 0.510602 0.688020 0.032688 0.071807
5 0.552125 0.687075 0.029155 0.088813
5 0.589672 0.684240 0.033572 0.075586
5 0.635171 0.687075 0.029155 0.077475
3 0.675811 0.687075 0.025621 0.081255
3 0.717775 0.684240 0.026504 0.079365
2 0.758857 0.682351 0.030921 0.075586
1 0.801705 0.686130 0.035339 0.083144