12 0.116431 0.706551 0.041604 0.076440
12 0.162094 0.707364 0.039575 0.078067
11 0.212830 0.711430 0.043634 0.082946
11 0.259001 0.708177 0.040589 0.089451
9 0.311259 0.706551 0.037545 0.069935
8 0.359967 0.707364 0.037545 0.081319
8 0.408674 0.708177 0.033486 0.066682
6 0.458396 0.706551 0.041604 0.079693
6 0.504059 0.706551 0.035516 0.069935
5 0.554796 0.706551 0.033486 0.079693
4 0.605532 0.708177 0.043634 0.073187
4 0.654747 0.708177 0.032471 0.082946
3 0.702439 0.708991 0.036530 0.078067
3 0.752161 0.704925 0.032471 0.076440
2 0.803405 0.708177 0.037545 0.079693
0 0.849576 0.706551 0.040589 0.069935
0 0.899805 0.709804 0.029427 0.076440