12 0.043908 0.723534 0.028860 0.071531
11 0.092352 0.721908 0.032983 0.078034
11 0.133581 0.721095 0.039167 0.079659
10 0.187178 0.723534 0.035044 0.084536
10 0.232014 0.722721 0.036075 0.069905
10 0.279427 0.721908 0.038136 0.068279
10 0.324263 0.719469 0.041229 0.076408
9 0.371161 0.722721 0.036075 0.073156
9 0.418573 0.723534 0.038136 0.071531
9 0.466502 0.723534 0.035044 0.084536
8 0.511338 0.724346 0.034014 0.069905
8 0.558751 0.722721 0.031952 0.073156
7 0.605133 0.722721 0.044321 0.079659
6 0.652031 0.722721 0.041229 0.079659
6 0.696867 0.722721 0.031952 0.073156
4 0.745826 0.723534 0.030921 0.068279
3 0.793239 0.721908 0.035044 0.065028
0 0.838075 0.721095 0.029891 0.066654
0 0.888064 0.724346 0.049474 0.073156