12 0.115231 0.724787 0.032501 0.074658
12 0.161886 0.723164 0.037743 0.068166
12 0.212734 0.725598 0.034598 0.079527
11 0.259913 0.723164 0.034598 0.077904
11 0.309713 0.727221 0.035646 0.060051
11 0.360036 0.723975 0.044033 0.069789
11 0.408788 0.728033 0.040888 0.084396
10 0.460684 0.720729 0.046130 0.076281
9 0.508387 0.726410 0.040888 0.074658
9 0.554518 0.725598 0.038791 0.076281
9 0.603269 0.728033 0.035646 0.084396
8 0.653593 0.728033 0.035646 0.077904
6 0.700247 0.723164 0.036695 0.068166
5 0.753717 0.723975 0.047179 0.073035
5 0.801944 0.727221 0.034598 0.079527
4 0.851744 0.722352 0.041937 0.069789
2 0.901019 0.723975 0.037743 0.063297