14 0.240260 0.767792 0.031407 0.254176
13 0.281003 0.767792 0.022918 0.257807
11 0.325142 0.689724 0.029709 0.083515
10 0.368432 0.683370 0.028011 0.088962
10 0.408327 0.688816 0.028011 0.085330
5 0.451617 0.683370 0.022918 0.085330
4 0.491087 0.653413 0.027162 0.090777
4 0.531831 0.657044 0.030558 0.090777
9 0.447797 0.480937 0.020372 0.068991
9 0.471989 0.478214 0.021221 0.070806
9 0.495331 0.475490 0.018674 0.068991
2 0.521645 0.475490 0.023767 0.065359
3 0.574272 0.684277 0.032255 0.083515
3 0.614591 0.685185 0.031407 0.088962
3 0.657033 0.685185 0.028011 0.081699
3 0.696503 0.687001 0.028860 0.081699