14 0.137777 0.767385 0.023854 0.253212
11 0.182392 0.688020 0.028271 0.075586
10 0.222149 0.685185 0.030038 0.088813
10 0.266764 0.686130 0.032688 0.079365
7 0.304311 0.682351 0.038873 0.086924
6 0.348043 0.683296 0.037989 0.085034
6 0.389566 0.680461 0.027388 0.079365
6 0.432856 0.686130 0.030921 0.090703
3 0.470845 0.679516 0.030921 0.088813
3 0.512369 0.683296 0.025621 0.077475
3 0.555659 0.684240 0.027388 0.083144
3 0.595857 0.685185 0.028271 0.077475
2 0.637380 0.685185 0.035339 0.077475
1 0.678903 0.683296 0.028271 0.081255
1 0.716008 0.687075 0.028271 0.077475
1 0.755323 0.687075 0.029155 0.092593
1 0.798171 0.685185 0.028271 0.085034