12 0.045455 0.725159 0.034014 0.068279
11 0.091321 0.721908 0.035044 0.071531
11 0.137704 0.721908 0.030921 0.074782
10 0.181509 0.718657 0.042259 0.071531
10 0.233045 0.718657 0.038136 0.065028
10 0.279427 0.719469 0.036075 0.076408
10 0.323748 0.721908 0.040198 0.071531
9 0.371161 0.721908 0.038136 0.081285
9 0.420120 0.724346 0.030921 0.079659
9 0.462379 0.721908 0.037106 0.068279
8 0.512884 0.719469 0.041229 0.069905
8 0.558751 0.721095 0.042259 0.063402
7 0.605133 0.721095 0.034014 0.066654
6 0.652546 0.725159 0.031952 0.068279
6 0.697897 0.725159 0.036075 0.068279
4 0.745310 0.720282 0.038136 0.074782
3 0.793239 0.724346 0.037106 0.069905
0 0.836013 0.721095 0.038136 0.066654
0 0.885488 0.718657 0.025768 0.065028