14 0.106182 0.796053 0.028738 0.225329
13 0.158336 0.801809 0.030867 0.220395
12 0.213684 0.725329 0.035124 0.074013
7 0.256791 0.723684 0.046832 0.070724
6 0.311074 0.731086 0.042575 0.075658
6 0.360567 0.724507 0.045768 0.072368
6 0.406867 0.722862 0.042575 0.069079
6 0.455296 0.724507 0.039382 0.072368
4 0.502661 0.726974 0.031931 0.074013
4 0.552686 0.722039 0.038317 0.064145
4 0.602180 0.724507 0.039382 0.075658
2 0.654866 0.722862 0.036189 0.072368
2 0.701699 0.724507 0.029802 0.072368
1 0.750660 0.722862 0.046832 0.078947
1 0.799621 0.726151 0.029802 0.065789
1 0.848582 0.726974 0.029802 0.080592
0 0.902333 0.721217 0.039382 0.072368