14 0.063124 0.768330 0.024737 0.251323
11 0.110390 0.686130 0.036222 0.083144
10 0.152354 0.682351 0.035339 0.090703
10 0.195203 0.684240 0.034455 0.075586
10 0.235842 0.684240 0.032688 0.083144
10 0.279574 0.684240 0.030038 0.090703
8 0.322864 0.684240 0.031805 0.086924
7 0.363504 0.683296 0.037106 0.092593
7 0.408561 0.680461 0.035339 0.083144
7 0.449642 0.687075 0.032688 0.077475
6 0.492932 0.686130 0.023854 0.075586
6 0.539756 0.679516 0.036222 0.081255
3 0.579071 0.682351 0.026504 0.075586
3 0.619268 0.682351 0.036222 0.071807
3 0.663442 0.680461 0.029155 0.083144
1 0.702756 0.678571 0.031805 0.083144
1 0.750022 0.685185 0.032688 0.085034
1 0.789778 0.685185 0.034455 0.069917
1 0.830418 0.688964 0.029155 0.073696
0 0.875033 0.684240 0.035339 0.075586