12 0.115274 0.705543 0.038905 0.076212
12 0.162104 0.708430 0.037464 0.070439
11 0.213617 0.705543 0.038184 0.083141
11 0.260447 0.703811 0.045389 0.081986
9 0.310159 0.703811 0.036744 0.077367
8 0.360231 0.703811 0.033141 0.081986
8 0.407421 0.705543 0.032421 0.076212
6 0.456052 0.705543 0.037464 0.078522
6 0.507205 0.705543 0.038905 0.076212
5 0.554395 0.705543 0.030980 0.076212
4 0.603026 0.709007 0.038905 0.083141
4 0.655620 0.707275 0.047550 0.075058
3 0.702450 0.705543 0.034582 0.078522
3 0.752882 0.705543 0.040346 0.078522
2 0.802594 0.708430 0.038905 0.079677
0 0.849784 0.703811 0.029539 0.075058
0 0.904179 0.703811 0.038905 0.070439
