14 0.034833 0.762544 0.036284 0.183197
13 0.084180 0.759627 0.030479 0.186698
11 0.140421 0.713536 0.037010 0.080513
9 0.185414 0.716453 0.037010 0.081680
9 0.232221 0.712369 0.036284 0.080513
9 0.279028 0.709452 0.035559 0.079347
7 0.325835 0.717620 0.043541 0.088681
7 0.370102 0.709452 0.039187 0.077013
7 0.419086 0.712369 0.035559 0.085181
7 0.468433 0.713536 0.041364 0.080513
5 0.512337 0.709452 0.033382 0.077013
5 0.561684 0.709452 0.033382 0.084014
4 0.608491 0.709452 0.039913 0.074679
4 0.652758 0.709452 0.039913 0.079347
3 0.703556 0.712369 0.032656 0.075846
3 0.748186 0.709452 0.034833 0.074679
3 0.797896 0.712369 0.037010 0.071179
0 0.842163 0.709452 0.034107 0.077013
0 0.890421 0.713536 0.037736 0.078180
