14 0.090909 0.764569 0.036075 0.184149
12 0.138528 0.792541 0.034632 0.230769
11 0.194084 0.720280 0.038961 0.079254
7 0.243146 0.715618 0.044733 0.079254
7 0.293651 0.712121 0.038961 0.079254
7 0.342713 0.717949 0.038961 0.079254
7 0.393579 0.715618 0.038240 0.086247
5 0.442641 0.716783 0.039683 0.081585
5 0.491703 0.715618 0.035354 0.074592
4 0.542569 0.715618 0.040404 0.083916
4 0.593074 0.713287 0.031746 0.072261
3 0.640693 0.715618 0.034632 0.081585
3 0.689755 0.712121 0.040404 0.072261
3 0.738817 0.713287 0.034632 0.079254
0 0.789322 0.716783 0.034632 0.076923
0 0.838384 0.710956 0.028860 0.079254
