14 0.026219 0.783654 0.033235 0.189904
13 0.075702 0.784255 0.033235 0.188702
11 0.123708 0.725962 0.033235 0.081731
9 0.169498 0.726562 0.033235 0.085337
9 0.217504 0.725962 0.037666 0.081731
8 0.265510 0.725962 0.033235 0.084135
7 0.309823 0.727163 0.039143 0.076923
7 0.355244 0.725962 0.039882 0.079327
7 0.402142 0.725962 0.046529 0.081731
7 0.451256 0.725361 0.039882 0.078125
6 0.496677 0.727764 0.036189 0.085337
5 0.546160 0.725361 0.036189 0.073317
5 0.595643 0.727764 0.036189 0.078125
4 0.639956 0.725962 0.036189 0.074519
4 0.685377 0.725361 0.041359 0.078125
3 0.732275 0.725361 0.034712 0.073317
3 0.778804 0.725962 0.033235 0.084135
3 0.827179 0.727764 0.035451 0.085337
0 0.873708 0.730769 0.032496 0.086538
0 0.919498 0.725361 0.032496 0.075721
