12 0.117986 0.715618 0.044604 0.079254
11 0.167626 0.715618 0.038849 0.081585
11 0.215108 0.713287 0.037410 0.079254
8 0.260432 0.709790 0.034532 0.083916
8 0.312590 0.715618 0.035252 0.081585
7 0.358993 0.713287 0.046043 0.079254
7 0.411511 0.717949 0.046043 0.079254
6 0.460072 0.713287 0.033813 0.074592
6 0.507554 0.713287 0.033813 0.076923
4 0.556835 0.713287 0.047482 0.086247
4 0.607914 0.709790 0.031655 0.074592
3 0.654317 0.713287 0.045324 0.074592
2 0.709353 0.712121 0.037410 0.079254
1 0.756475 0.715618 0.045324 0.081585
0 0.805396 0.713287 0.035252 0.067599
0 0.855396 0.709790 0.038849 0.072261
