14 0.087916 0.763158 0.029667 0.186603
13 0.136758 0.790670 0.034732 0.236842
11 0.191389 0.714713 0.047033 0.082536
7 0.241679 0.715909 0.041968 0.082536
7 0.289436 0.715311 0.039074 0.076555
7 0.339363 0.714713 0.037627 0.082536
7 0.389653 0.714713 0.042692 0.082536
5 0.438857 0.708732 0.035456 0.077751
5 0.488423 0.714713 0.034732 0.089713
4 0.536179 0.714713 0.033285 0.082536
4 0.590449 0.712919 0.036179 0.078947
3 0.639653 0.714115 0.034732 0.076555
3 0.689219 0.712321 0.041245 0.075359
3 0.738423 0.713517 0.035456 0.077751
0 0.786541 0.714713 0.037627 0.075359
0 0.837916 0.714115 0.034732 0.071770
