12 0.042857 0.719957 0.038095 0.064378
11 0.092177 0.721030 0.036054 0.072961
11 0.139456 0.719957 0.034014 0.072961
10 0.186054 0.723712 0.037415 0.071888
10 0.232313 0.721567 0.041497 0.069742
10 0.276871 0.720494 0.039456 0.074034
10 0.324830 0.721567 0.037415 0.069742
9 0.373469 0.720494 0.034014 0.082618
9 0.415986 0.723176 0.031973 0.077253
9 0.464626 0.720494 0.036735 0.084764
8 0.511565 0.720494 0.032653 0.071888
8 0.557823 0.723712 0.034014 0.074034
7 0.603401 0.720494 0.039456 0.071888
6 0.653401 0.721567 0.031973 0.076180
6 0.696599 0.723176 0.029932 0.077253
4 0.745918 0.719421 0.031973 0.076180
3 0.790136 0.718348 0.031973 0.076180
0 0.838435 0.717811 0.030612 0.068670
0 0.887415 0.720494 0.033333 0.074034
