12 0.114286 0.721567 0.046259 0.071888
11 0.163946 0.718884 0.043537 0.075107
11 0.210544 0.719421 0.041497 0.082618
10 0.259184 0.722639 0.042177 0.078326
10 0.306463 0.720494 0.046939 0.082618
10 0.357823 0.718348 0.036735 0.076180
9 0.408503 0.721567 0.044218 0.082618
9 0.457483 0.722103 0.036054 0.081545
9 0.504422 0.719957 0.033333 0.081545
8 0.552381 0.718884 0.036735 0.075107
8 0.602721 0.717275 0.032653 0.067597
7 0.652721 0.723176 0.037415 0.079399
6 0.700000 0.723176 0.034014 0.072961
4 0.750680 0.724249 0.046939 0.075107
3 0.797959 0.724785 0.035374 0.069742
2 0.850000 0.721030 0.033333 0.081545
0 0.898639 0.723176 0.036735 0.079399
