14 0.028694 0.775562 0.037599 0.176892
12 0.075858 0.725460 0.034301 0.070552
12 0.120712 0.727505 0.034301 0.070552
12 0.171504 0.726483 0.036939 0.072597
11 0.214380 0.726483 0.035620 0.074642
11 0.258245 0.722904 0.038918 0.079755
11 0.306398 0.725460 0.041557 0.074642
11 0.348615 0.723415 0.038918 0.070552
8 0.396108 0.722904 0.028364 0.069530
6 0.444261 0.725971 0.033641 0.075665
5 0.486478 0.724949 0.033641 0.075665
5 0.532652 0.725460 0.037599 0.074642
4 0.581794 0.724438 0.040897 0.078732
3 0.625989 0.724949 0.039578 0.073620
3 0.671174 0.725971 0.037599 0.075665
3 0.712071 0.724438 0.040237 0.072597
1 0.763522 0.725971 0.045515 0.071575
1 0.805739 0.724949 0.037599 0.065440
1 0.853232 0.725460 0.034960 0.074642
1 0.898747 0.728016 0.042876 0.075665
