11 0.119388 0.720494 0.038776 0.074034
11 0.169048 0.718348 0.040136 0.078326
8 0.218367 0.721030 0.035374 0.068670
8 0.268367 0.721030 0.037415 0.070815
8 0.319048 0.721030 0.040816 0.079399
7 0.366327 0.723176 0.036054 0.075107
6 0.415646 0.725322 0.031293 0.064378
5 0.465646 0.723176 0.037415 0.075107
5 0.512925 0.718348 0.035374 0.076180
4 0.563605 0.715129 0.033333 0.069742
4 0.615306 0.719421 0.040136 0.069742
3 0.662925 0.721567 0.034694 0.080472
1 0.709184 0.721567 0.038776 0.071888
1 0.761224 0.719957 0.035374 0.070815
0 0.810204 0.719421 0.034014 0.071888
