12 0.110634 0.723926 0.035007 0.075665
12 0.162483 0.724949 0.034346 0.073620
12 0.208388 0.727505 0.033686 0.070552
11 0.260238 0.725460 0.040951 0.072597
11 0.311096 0.726994 0.042272 0.071575
11 0.359974 0.724949 0.038309 0.073620
11 0.404557 0.724438 0.036328 0.074642
10 0.453104 0.726994 0.038309 0.085890
9 0.507596 0.723415 0.042933 0.078732
9 0.554822 0.722904 0.038309 0.083845
9 0.604359 0.726994 0.040951 0.079755
8 0.649934 0.724438 0.034346 0.074642
6 0.699141 0.724438 0.037649 0.074642
5 0.750991 0.723926 0.039630 0.075665
5 0.801519 0.724949 0.040291 0.071575
4 0.847754 0.722393 0.041612 0.078732
2 0.898283 0.724949 0.035667 0.075665
