11 0.111717 0.725789 0.042234 0.078947
10 0.159060 0.723158 0.037466 0.073684
10 0.209128 0.725789 0.034060 0.072632
9 0.260218 0.724737 0.040872 0.085263
9 0.308243 0.725789 0.041553 0.078947
9 0.356948 0.727895 0.036785 0.074737
9 0.406335 0.725263 0.034741 0.069474
7 0.453678 0.726316 0.043597 0.073684
7 0.505450 0.724737 0.042234 0.074737
4 0.554837 0.723684 0.037466 0.072632
4 0.604564 0.728421 0.034741 0.080000
4 0.654632 0.726842 0.042234 0.074737
3 0.700613 0.728947 0.033379 0.078947
2 0.748638 0.723684 0.036785 0.072632
0 0.799046 0.725263 0.036785 0.073684
0 0.845368 0.722105 0.044959 0.075789
0 0.897820 0.724211 0.044959 0.071579
