2 0.750000 0.722904 0.032982 0.069530
2 0.802111 0.723926 0.030343 0.077710
2 0.848615 0.723926 0.034960 0.063395
2 0.901385 0.723415 0.036280 0.070552
3 0.700198 0.720859 0.038918 0.073620
3 0.653694 0.724949 0.036939 0.075665
3 0.602902 0.725460 0.043536 0.070552
4 0.553100 0.721370 0.028364 0.072597
4 0.503958 0.723415 0.036939 0.060327
6 0.406332 0.723415 0.032982 0.070552
6 0.457124 0.726994 0.031662 0.067485
6 0.361478 0.724438 0.036939 0.062372
7 0.306398 0.723926 0.040237 0.069530
7 0.257586 0.722904 0.037599 0.075665
8 0.215040 0.726483 0.034301 0.072597
12 0.161280 0.725460 0.036280 0.066462
12 0.113127 0.729039 0.040237 0.069530
