12 0.115463 0.725263 0.040191 0.069474
12 0.159741 0.726316 0.034741 0.084211
12 0.215940 0.727895 0.039510 0.070526
10 0.258856 0.723158 0.039510 0.073684
10 0.306540 0.727368 0.038147 0.073684
9 0.359673 0.726842 0.042234 0.076842
8 0.406335 0.725263 0.038828 0.077895
8 0.454700 0.725263 0.034741 0.065263
7 0.503406 0.722632 0.042234 0.068421
7 0.555518 0.726842 0.040191 0.066316
6 0.601499 0.720000 0.038147 0.071579
6 0.650886 0.726316 0.029292 0.075789
6 0.701294 0.725789 0.036104 0.072632
3 0.750681 0.722105 0.036785 0.067368
3 0.799046 0.723158 0.032698 0.069474
2 0.849455 0.723684 0.034060 0.068421
1 0.897820 0.725789 0.038147 0.072632
