12 0.112245 0.721567 0.029932 0.076180
11 0.159864 0.721567 0.043537 0.076180
11 0.211565 0.723712 0.039456 0.074034
10 0.257143 0.720494 0.039456 0.071888
10 0.307143 0.721567 0.037415 0.069742
10 0.357143 0.723712 0.035374 0.069742
9 0.404422 0.721567 0.033333 0.082618
9 0.456463 0.721567 0.040816 0.076180
9 0.504082 0.717811 0.039456 0.081545
8 0.552041 0.717275 0.027891 0.071888
8 0.602041 0.720494 0.029932 0.074034
7 0.649660 0.720494 0.042177 0.069742
6 0.696599 0.721567 0.034014 0.074034
6 0.752041 0.721567 0.040136 0.069742
3 0.796939 0.720494 0.037415 0.074034
2 0.847279 0.718348 0.034694 0.074034
0 0.896599 0.720494 0.036735 0.071888
