12 0.045578 0.722103 0.044898 0.075107
11 0.090816 0.723176 0.037415 0.077253
11 0.139456 0.722639 0.040816 0.076180
10 0.184354 0.721030 0.042177 0.072961
10 0.231293 0.719957 0.042177 0.072961
10 0.277211 0.718348 0.042857 0.084764
10 0.325510 0.725322 0.041497 0.081545
9 0.369048 0.718884 0.040136 0.077253
9 0.416327 0.722103 0.035374 0.077253
9 0.462245 0.722639 0.034694 0.069742
8 0.511905 0.721567 0.036054 0.080472
8 0.557483 0.718348 0.037415 0.078326
7 0.605442 0.723176 0.038095 0.077253
6 0.650340 0.722639 0.038095 0.069742
6 0.697279 0.721030 0.035374 0.072961
4 0.743537 0.719957 0.039456 0.072961
3 0.790816 0.723176 0.033333 0.077253
0 0.839456 0.721030 0.036735 0.072961
0 0.886395 0.723712 0.038095 0.078326
