14 0.088278 0.770335 0.031838 0.200957
13 0.136035 0.789474 0.030391 0.244019
11 0.192475 0.714713 0.036179 0.082536
7 0.242041 0.714713 0.039797 0.089713
7 0.291245 0.714713 0.039797 0.082536
7 0.338640 0.714713 0.036179 0.082536
7 0.389653 0.714713 0.036903 0.082536
5 0.438857 0.712919 0.038350 0.078947
5 0.491679 0.714713 0.036903 0.075359
4 0.539074 0.712321 0.033285 0.077751
4 0.586831 0.708134 0.034732 0.076555
3 0.637844 0.708134 0.034009 0.076555
3 0.687048 0.714713 0.036903 0.082536
3 0.738423 0.714713 0.034009 0.075359
0 0.783647 0.714115 0.033285 0.083732
0 0.836469 0.714713 0.031838 0.075359
