11 0.111905 0.722639 0.040136 0.076180
11 0.162245 0.724249 0.042857 0.079399
9 0.210884 0.724785 0.042177 0.076180
8 0.255782 0.717275 0.034014 0.076180
8 0.306463 0.718348 0.029252 0.078326
8 0.357823 0.719421 0.036735 0.076180
7 0.403741 0.724785 0.038776 0.082618
6 0.460544 0.722639 0.035374 0.078326
5 0.506803 0.725322 0.039456 0.081545
5 0.554422 0.721567 0.034014 0.084764
4 0.606803 0.721030 0.042177 0.072961
4 0.653061 0.716738 0.036735 0.070815
3 0.703061 0.717811 0.027891 0.066524
1 0.753741 0.721030 0.036735 0.072961
1 0.802721 0.723176 0.032653 0.075107
0 0.850340 0.718884 0.034014 0.077253
