12 0.111376 0.727368 0.038828 0.073684
11 0.161104 0.722632 0.036104 0.078947
11 0.210490 0.724211 0.042234 0.067368
11 0.260899 0.722632 0.039510 0.072632
11 0.307902 0.726316 0.043597 0.077895
10 0.356948 0.725263 0.036785 0.069474
10 0.406676 0.728421 0.042234 0.080000
8 0.455722 0.723684 0.034060 0.070526
8 0.504087 0.728421 0.029973 0.069474
8 0.555858 0.724737 0.031335 0.074737
7 0.601158 0.726316 0.041553 0.073684
6 0.649523 0.722632 0.034741 0.070526
5 0.702997 0.725263 0.031335 0.069474
5 0.751362 0.728421 0.035422 0.069474
5 0.801771 0.726316 0.035422 0.071579
3 0.849455 0.724211 0.034060 0.071579
3 0.894414 0.726316 0.036785 0.071579
