14 0.107190 0.774029 0.038918 0.173824
11 0.161609 0.724438 0.039578 0.078732
9 0.207784 0.724438 0.034301 0.084867
9 0.261214 0.722393 0.043536 0.080777
6 0.309367 0.724438 0.040897 0.074642
6 0.356201 0.724438 0.034301 0.078732
6 0.404354 0.724438 0.042216 0.074642
6 0.455805 0.724438 0.031662 0.074642
5 0.505607 0.724438 0.037599 0.074642
5 0.554420 0.724438 0.037599 0.066462
5 0.604222 0.728528 0.034301 0.078732
5 0.649736 0.722393 0.032982 0.080777
4 0.702507 0.720348 0.039578 0.066462
1 0.750660 0.722393 0.044855 0.080777
1 0.800462 0.724438 0.033641 0.070552
1 0.845317 0.726483 0.033641 0.072597
0 0.898417 0.722393 0.034301 0.068507
