12 0.114966 0.721567 0.035374 0.076180
10 0.164626 0.722639 0.039456 0.078326
10 0.210204 0.720494 0.039456 0.071888
9 0.257143 0.722639 0.038095 0.078326
9 0.309184 0.718884 0.034694 0.083691
9 0.357143 0.721567 0.038095 0.084764
8 0.406463 0.718348 0.033333 0.074034
8 0.457143 0.720494 0.035374 0.074034
7 0.504422 0.719421 0.037415 0.069742
6 0.552381 0.716738 0.028571 0.077253
6 0.602721 0.722639 0.039456 0.074034
5 0.650000 0.721567 0.034694 0.069742
4 0.701701 0.720494 0.037415 0.074034
3 0.752381 0.722639 0.035374 0.078326
2 0.797619 0.721567 0.036054 0.080472
1 0.849660 0.716738 0.039456 0.077253
0 0.895238 0.720494 0.034014 0.074034
