14 0.108311 0.770526 0.029973 0.174737
13 0.155313 0.792632 0.032698 0.216842
12 0.211172 0.727368 0.036785 0.065263
7 0.260559 0.726316 0.040191 0.077895
6 0.309264 0.728947 0.039510 0.072632
6 0.358311 0.725263 0.040872 0.069474
6 0.405313 0.725789 0.036785 0.074737
6 0.454700 0.725789 0.036104 0.072632
4 0.502384 0.724211 0.037466 0.080000
4 0.553474 0.725789 0.037466 0.072632
4 0.605586 0.720526 0.036785 0.072632
2 0.655654 0.725263 0.037466 0.073684
2 0.705722 0.725789 0.034060 0.078947
1 0.749659 0.723684 0.040191 0.068421
1 0.799046 0.723158 0.036785 0.073684
1 0.847071 0.725263 0.032016 0.073684
0 0.896798 0.723158 0.032016 0.073684
