12 0.115765 0.723415 0.034960 0.070552
12 0.162269 0.726483 0.038259 0.078732
9 0.212071 0.726994 0.036280 0.073620
8 0.259894 0.724438 0.035620 0.074642
8 0.308707 0.724949 0.032982 0.071575
7 0.356530 0.726483 0.046834 0.072597
7 0.405013 0.720348 0.042216 0.072597
7 0.458113 0.726994 0.044195 0.073620
5 0.507916 0.725460 0.038259 0.076687
3 0.557388 0.724438 0.035620 0.072597
2 0.599934 0.721881 0.032322 0.073620
1 0.656332 0.728016 0.038259 0.071575
1 0.702836 0.723415 0.037599 0.068507
1 0.746702 0.723415 0.034301 0.070552
1 0.799802 0.726483 0.034960 0.072597
0 0.851583 0.724949 0.038259 0.071575
0 0.895449 0.725460 0.036280 0.066462
