14 0.029354 0.771984 0.037599 0.173824
11 0.077177 0.724438 0.042216 0.076687
9 0.125660 0.726483 0.044195 0.078732
9 0.168536 0.722393 0.038918 0.076687
6 0.216689 0.724438 0.038918 0.078732
6 0.259565 0.722393 0.033641 0.074642
6 0.307388 0.722393 0.040897 0.076687
6 0.350264 0.726483 0.040897 0.070552
5 0.395449 0.724438 0.032322 0.072597
5 0.439974 0.720348 0.034301 0.072597
5 0.482850 0.724438 0.035620 0.076687
5 0.530673 0.726483 0.032322 0.078732
4 0.579156 0.722393 0.035620 0.070552
2 0.624011 0.726483 0.036939 0.068507
2 0.670185 0.724438 0.035620 0.076687
2 0.715040 0.724438 0.031662 0.072597
1 0.761544 0.722393 0.041557 0.070552
1 0.804420 0.724438 0.033641 0.070552
1 0.850594 0.722393 0.038918 0.072597
0 0.897098 0.720348 0.029024 0.072597
