0 0.851839 0.725789 0.032016 0.072632
0 0.897480 0.723684 0.036104 0.068421
1 0.751362 0.723158 0.039510 0.069474
1 0.799046 0.726842 0.029973 0.072632
5 0.700272 0.724211 0.042234 0.080000
6 0.651226 0.726842 0.035422 0.072632
6 0.604564 0.723684 0.042916 0.066316
6 0.552452 0.729474 0.032698 0.071579
6 0.503065 0.731579 0.033379 0.071579
7 0.457084 0.726316 0.043597 0.067368
9 0.408719 0.724211 0.044959 0.080000
9 0.359673 0.726842 0.042234 0.072632
9 0.307561 0.724211 0.042916 0.071579
10 0.258856 0.722632 0.042234 0.078947
10 0.210490 0.728421 0.042234 0.069474
10 0.161444 0.724737 0.044959 0.070526
10 0.109673 0.723684 0.039510 0.072632
