12 0.114441 0.724737 0.044959 0.076842
12 0.164169 0.727895 0.042234 0.068421
11 0.210150 0.724737 0.036104 0.070526
10 0.256812 0.725263 0.039510 0.073684
10 0.308924 0.727368 0.047003 0.073684
10 0.357970 0.724211 0.041553 0.071579
9 0.405654 0.723158 0.041553 0.077895
9 0.458447 0.723684 0.039510 0.078947
8 0.505109 0.718421 0.034741 0.068421
8 0.555518 0.724737 0.041553 0.074737
7 0.603542 0.725789 0.042234 0.074737
7 0.649523 0.723684 0.040191 0.078947
4 0.702997 0.722105 0.035422 0.069474
4 0.750341 0.724737 0.041553 0.068421
0 0.802452 0.725263 0.042234 0.069474
0 0.850817 0.723158 0.035422 0.077895
0 0.901226 0.726842 0.035422 0.062105
