12 0.113786 0.728016 0.036280 0.069530
11 0.163259 0.725971 0.034960 0.075665
8 0.210422 0.726483 0.036939 0.072597
7 0.258245 0.727505 0.038918 0.076687
7 0.309367 0.725971 0.039578 0.075665
6 0.356201 0.729039 0.038259 0.073620
6 0.406332 0.723926 0.032982 0.079755
6 0.454485 0.728016 0.034301 0.077710
4 0.504947 0.730573 0.037599 0.074642
4 0.556069 0.725460 0.040897 0.070552
3 0.603892 0.724438 0.040237 0.072597
3 0.652375 0.723926 0.040897 0.067485
3 0.700858 0.723415 0.031003 0.068507
2 0.748681 0.722904 0.040897 0.065440
2 0.802111 0.723415 0.031662 0.070552
2 0.848945 0.719836 0.030343 0.065440
2 0.901055 0.723415 0.038259 0.068507
