14 0.137415 0.768240 0.032653 0.180258
12 0.191837 0.721567 0.035374 0.076180
12 0.242857 0.724785 0.036735 0.071888
10 0.290136 0.720494 0.036054 0.078326
10 0.337075 0.721567 0.040136 0.080472
9 0.392177 0.720494 0.040136 0.074034
9 0.439116 0.719421 0.045578 0.080472
9 0.491837 0.718884 0.039456 0.081545
8 0.539796 0.721567 0.040136 0.078326
8 0.587415 0.716202 0.034694 0.069742
7 0.636735 0.721567 0.039456 0.076180
6 0.684694 0.715665 0.031973 0.075107
6 0.735374 0.719421 0.036735 0.065451
6 0.785374 0.717811 0.033333 0.077253
