12 0.113456 0.725971 0.034301 0.065440
12 0.165237 0.728016 0.032322 0.079755
8 0.211082 0.723926 0.035620 0.073620
7 0.259235 0.726994 0.039578 0.077710
7 0.306398 0.727505 0.041557 0.070552
6 0.357190 0.728016 0.040237 0.079755
6 0.402045 0.724438 0.034960 0.084867
6 0.456794 0.728016 0.031003 0.071575
4 0.506266 0.725971 0.033641 0.081800
4 0.552770 0.722904 0.031662 0.077710
3 0.603562 0.723415 0.034301 0.076687
3 0.650396 0.723415 0.038259 0.070552
3 0.701517 0.722904 0.031003 0.079755
2 0.750330 0.726994 0.034960 0.079755
2 0.800792 0.725460 0.038259 0.076687
2 0.849274 0.725460 0.031003 0.074642
2 0.897427 0.725971 0.031003 0.075665
