12 0.029412 0.775000 0.058824 0.350000
12 0.088235 0.775000 0.058824 0.350000
12 0.147059 0.775000 0.058824 0.350000
11 0.205882 0.775000 0.058824 0.350000
11 0.264706 0.775000 0.058824 0.350000
11 0.323529 0.775000 0.058824 0.350000
11 0.382353 0.775000 0.058824 0.350000
10 0.441176 0.775000 0.058824 0.350000
9 0.500000 0.775000 0.058824 0.350000
9 0.558824 0.775000 0.058824 0.350000
9 0.617647 0.775000 0.058824 0.350000
8 0.676471 0.775000 0.058824 0.350000
6 0.735294 0.775000 0.058824 0.350000
5 0.794118 0.775000 0.058824 0.350000
5 0.852941 0.775000 0.058824 0.350000
4 0.911765 0.775000 0.058824 0.350000
2 0.970588 0.775000 0.058824 0.350000