14 0.025000 0.775000 0.050000 0.350000
12 0.075000 0.775000 0.050000 0.350000
12 0.125000 0.775000 0.050000 0.350000
12 0.175000 0.775000 0.050000 0.350000
11 0.225000 0.775000 0.050000 0.350000
11 0.275000 0.775000 0.050000 0.350000
11 0.325000 0.775000 0.050000 0.350000
11 0.375000 0.775000 0.050000 0.350000
8 0.425000 0.775000 0.050000 0.350000
6 0.475000 0.775000 0.050000 0.350000
5 0.525000 0.775000 0.050000 0.350000
5 0.575000 0.775000 0.050000 0.350000
4 0.625000 0.775000 0.050000 0.350000
3 0.675000 0.775000 0.050000 0.350000
3 0.725000 0.775000 0.050000 0.350000
3 0.775000 0.775000 0.050000 0.350000
1 0.825000 0.775000 0.050000 0.350000
1 0.875000 0.775000 0.050000 0.350000
1 0.925000 0.775000 0.050000 0.350000
1 0.975000 0.775000 0.050000 0.350000