7 0.465268 0.117225 0.021708 0.062201
7 0.490232 0.117225 0.022431 0.062201
5 0.512663 0.117225 0.020984 0.062201
1 0.175109 0.360646 0.024602 0.104067
1 0.208394 0.360646 0.027496 0.096890
1 0.236614 0.360646 0.027496 0.096890
3 0.266281 0.360646 0.034732 0.096890
14 0.093705 0.784091 0.041245 0.235646
13 0.142909 0.788278 0.045586 0.236842
11 0.190666 0.756579 0.048480 0.173445
7 0.239870 0.742225 0.047033 0.137560
7 0.287265 0.739833 0.041968 0.127990
7 0.336831 0.741627 0.045586 0.143541
7 0.387844 0.735646 0.044863 0.131579
5 0.440666 0.740431 0.036179 0.129187
5 0.489870 0.749402 0.041968 0.139952
4 0.537627 0.742823 0.039074 0.131579
4 0.590449 0.739833 0.041968 0.116029
3 0.641462 0.742823 0.038350 0.138756
3 0.689219 0.742823 0.044139 0.131579
3 0.742041 0.748206 0.049928 0.130383
0 0.789074 0.742225 0.029667 0.132775
0 0.836831 0.742823 0.031114 0.131579
