0 0.299660 0.354077 0.027891 0.057940
0 0.689456 0.721567 0.040136 0.076180
0 0.734694 0.721567 0.035374 0.063305
7 0.467007 0.125536 0.022449 0.036481
7 0.722109 0.359979 0.025170 0.059013
7 0.492177 0.721567 0.034694 0.069742
7 0.539796 0.716202 0.037415 0.069742
6 0.489796 0.129292 0.020408 0.035408
6 0.754082 0.361052 0.022449 0.052575
5 0.781973 0.356760 0.025170 0.050429
5 0.419728 0.532189 0.024490 0.057940
4 0.452381 0.527361 0.029932 0.059013
4 0.181633 0.354077 0.027211 0.055794
3 0.206463 0.354614 0.029252 0.054721
3 0.479932 0.527361 0.022449 0.067597
3 0.584694 0.718348 0.037415 0.067597
2 0.237075 0.355687 0.025170 0.063305
2 0.509864 0.532189 0.025170 0.062232
1 0.267347 0.359979 0.032653 0.063305
1 0.636395 0.721567 0.038776 0.065451
3 0.511905 0.130365 0.025170 0.037554
9 0.662245 0.358906 0.019728 0.065451
9 0.339796 0.721567 0.040136 0.074034
8 0.394898 0.719421 0.040136 0.082618
8 0.444898 0.719421 0.044898 0.076180
8 0.694898 0.355687 0.025170 0.052575
1 0.544898 0.536481 0.032653 0.055794
12 0.194218 0.721567 0.034694 0.074034
11 0.239796 0.719421 0.037415 0.076180
10 0.289456 0.715665 0.044218 0.079399
