1 0.177211 0.374464 0.025170 0.103004
6 0.654422 0.384657 0.032653 0.110515
5 0.688776 0.375536 0.031973 0.103004
5 0.711905 0.374464 0.029252 0.096567
4 0.746939 0.384657 0.032653 0.108369
4 0.777211 0.382511 0.034694 0.104077
0 0.808844 0.383584 0.031293 0.106223
8 0.389456 0.749464 0.052381 0.144850
3 0.437075 0.737124 0.040136 0.111588
0 0.486735 0.736052 0.042857 0.122318
0 0.539456 0.747318 0.048980 0.136266
7 0.469388 0.128219 0.017687 0.031116
6 0.489796 0.124464 0.020408 0.034335
3 0.514626 0.124464 0.019728 0.040773
