10 0.179252 0.349785 0.031973 0.055794
14 0.476871 0.568670 0.020408 0.118026
12 0.169048 0.718348 0.037415 0.078326
12 0.217007 0.719421 0.032653 0.069742
10 0.269048 0.718348 0.037415 0.074034
10 0.316327 0.720494 0.039456 0.080472
9 0.366667 0.721567 0.034014 0.074034
9 0.417007 0.721567 0.040816 0.074034
9 0.464286 0.718348 0.037415 0.074034
8 0.509524 0.720494 0.029932 0.069742
8 0.564286 0.721567 0.029252 0.071888
7 0.611565 0.721567 0.036735 0.067597
6 0.663946 0.721567 0.036735 0.069742
6 0.711905 0.721567 0.040136 0.071888
6 0.761565 0.721567 0.030612 0.069742
14 0.467347 0.141631 0.017687 0.060086
12 0.488776 0.129292 0.017007 0.035408
6 0.511905 0.124464 0.022449 0.036481
