12 0.111565 0.721567 0.044898 0.074034
11 0.161905 0.721567 0.032653 0.067597
11 0.213946 0.721567 0.034694 0.071888
10 0.259524 0.720494 0.034694 0.071888
10 0.307143 0.721567 0.042857 0.065451
10 0.359524 0.720494 0.037415 0.071888
9 0.404762 0.713519 0.044898 0.077253
9 0.457143 0.721567 0.039456 0.074034
9 0.504762 0.721567 0.035374 0.084764
8 0.554422 0.721567 0.042177 0.078326
8 0.599660 0.719421 0.042857 0.069742
7 0.652041 0.718348 0.044218 0.061159
6 0.699320 0.721567 0.035374 0.074034
4 0.746939 0.717275 0.032653 0.076180
3 0.799320 0.717275 0.035374 0.074034
2 0.844558 0.720494 0.034694 0.071888
0 0.894558 0.721567 0.040816 0.074034
