11 0.467347 0.124464 0.017687 0.040773
11 0.489116 0.128219 0.019048 0.033262
5 0.512245 0.124464 0.020408 0.036481
2 0.479592 0.537554 0.027211 0.062232
6 0.784694 0.359979 0.030612 0.063305
11 0.109864 0.721567 0.040136 0.076180
11 0.162245 0.721567 0.040136 0.067597
9 0.211905 0.721567 0.040136 0.076180
8 0.259184 0.724249 0.042177 0.085837
8 0.312245 0.721567 0.035374 0.071888
8 0.359864 0.719421 0.029932 0.069742
7 0.404082 0.719421 0.039456 0.069742
6 0.457143 0.721567 0.038095 0.074034
5 0.502381 0.721567 0.040136 0.067597
5 0.554422 0.718348 0.032653 0.067597
4 0.604762 0.717275 0.035374 0.074034
4 0.657143 0.721567 0.042177 0.065451
3 0.704422 0.720494 0.037415 0.069742
1 0.754762 0.719421 0.040136 0.069742
1 0.804422 0.709227 0.045578 0.077253
0 0.852041 0.721567 0.040136 0.076180
