11 0.469388 0.130365 0.021769 0.035408
11 0.488776 0.124464 0.018367 0.040773
11 0.119388 0.727468 0.037415 0.072961
11 0.167007 0.721567 0.040136 0.067597
5 0.514286 0.124464 0.024490 0.036481
5 0.459524 0.720494 0.034694 0.069742
5 0.514626 0.721567 0.034694 0.071888
4 0.564626 0.721567 0.038095 0.074034
4 0.617347 0.718348 0.040136 0.065451
3 0.659864 0.710300 0.029932 0.070815
1 0.709864 0.721567 0.040136 0.074034
1 0.756463 0.721567 0.035374 0.071888
0 0.811905 0.718348 0.037415 0.076180
12 0.786395 0.361052 0.031293 0.054721
8 0.316327 0.720494 0.028571 0.078326
8 0.269728 0.719421 0.027891 0.076180
8 0.219728 0.721567 0.035374 0.067597
7 0.364626 0.721567 0.039456 0.065451
6 0.417007 0.721567 0.032653 0.069742
