12 0.107579 0.758306 0.042218 0.164452
12 0.153103 0.751246 0.045778 0.147010
12 0.206511 0.746678 0.036623 0.146179
12 0.254578 0.747924 0.050356 0.137043
11 0.306460 0.748339 0.042218 0.151163
8 0.357579 0.751246 0.041709 0.143688
6 0.404629 0.745432 0.044252 0.145349
6 0.459563 0.749585 0.047304 0.132060
6 0.504578 0.750831 0.045778 0.139535
6 0.557986 0.754153 0.044761 0.149502
3 0.606562 0.755399 0.043235 0.145349
2 0.653866 0.755399 0.044252 0.135382
2 0.703459 0.749585 0.040692 0.151993
1 0.752035 0.748339 0.049339 0.142857
1 0.801628 0.749585 0.044761 0.138704
0 0.851984 0.749585 0.038657 0.130399
0 0.900560 0.752492 0.041200 0.142857
