10 0.467007 0.124464 0.019728 0.036481
6 0.491497 0.124464 0.018367 0.032189
0 0.512245 0.129292 0.017687 0.031116
12 0.184014 0.361052 0.031973 0.054721
8 0.784694 0.361052 0.031973 0.067597
12 0.269388 0.721567 0.039456 0.065451
11 0.314626 0.718348 0.045578 0.074034
11 0.366667 0.721567 0.040816 0.069742
9 0.414626 0.719421 0.040136 0.069742
9 0.464626 0.720494 0.050340 0.084764
8 0.517347 0.715665 0.040136 0.079399
6 0.562245 0.721567 0.034694 0.071888
0 0.614626 0.720494 0.040136 0.074034
0 0.669388 0.720494 0.047619 0.071888
