12 0.117626 0.743590 0.051079 0.139860
11 0.167986 0.738928 0.041007 0.130536
11 0.211511 0.741259 0.035971 0.125874
8 0.264029 0.745921 0.050360 0.137529
8 0.311511 0.729604 0.035971 0.137529
7 0.359353 0.748252 0.045324 0.132867
7 0.408993 0.743590 0.049640 0.125874
6 0.458993 0.741259 0.050360 0.130536
6 0.503957 0.738928 0.043885 0.121212
4 0.556475 0.738928 0.045324 0.130536
4 0.606835 0.745921 0.046763 0.128205
3 0.655036 0.745921 0.042446 0.139860
2 0.706475 0.741259 0.040288 0.132867
1 0.753957 0.751166 0.046043 0.141026
0 0.802878 0.743590 0.040288 0.135198
0 0.853957 0.745921 0.044604 0.135198
13 0.780216 0.383450 0.022302 0.128205
12 0.469065 0.134033 0.021583 0.058275
10 0.491367 0.136364 0.020144 0.058275
5 0.517626 0.134033 0.023741 0.058275
