12 0.112032 0.751155 0.051153 0.172055
12 0.166427 0.749423 0.047550 0.173210
11 0.220101 0.744804 0.049712 0.170901
11 0.263689 0.747691 0.043228 0.153580
9 0.313761 0.741917 0.043948 0.148961
8 0.362392 0.732102 0.053314 0.131640
8 0.408862 0.738453 0.043948 0.135104
6 0.457133 0.732102 0.049712 0.136259
6 0.505764 0.738453 0.037464 0.137413
5 0.554035 0.740185 0.053314 0.154734
4 0.605908 0.746536 0.048991 0.153580
4 0.654179 0.738453 0.057637 0.132794
3 0.704251 0.730370 0.043948 0.114319
3 0.754323 0.749423 0.047550 0.157044
2 0.805836 0.736721 0.045389 0.131640
0 0.854107 0.733834 0.045389 0.121247
0 0.899496 0.735566 0.035303 0.131640
