13 0.092258 0.790670 0.052822 0.236842
13 0.139653 0.790670 0.046310 0.241627
11 0.188857 0.783493 0.052098 0.227273
7 0.241679 0.770335 0.053546 0.200957
7 0.292692 0.763756 0.044139 0.173445
7 0.338640 0.749402 0.043415 0.144737
7 0.387482 0.753589 0.045586 0.157895
5 0.438857 0.741029 0.047033 0.135167
5 0.490232 0.735646 0.042692 0.153110
4 0.541245 0.742823 0.047757 0.153110
4 0.586469 0.742823 0.052822 0.131579
3 0.637844 0.747608 0.048480 0.136364
3 0.687410 0.741627 0.044863 0.143541
3 0.738061 0.735646 0.043415 0.124402
0 0.787265 0.742823 0.040521 0.145933
0 0.838640 0.747010 0.044863 0.135167
1 0.176556 0.365431 0.030391 0.118421
1 0.206585 0.366029 0.032562 0.110048
1 0.239870 0.367823 0.035456 0.104067
3 0.266281 0.360646 0.026049 0.104067
7 0.465268 0.114833 0.023155 0.062201
7 0.488061 0.123206 0.022431 0.064593
5 0.513025 0.122010 0.023155 0.055024
