13 0.097403 0.790793 0.053391 0.222611
13 0.145022 0.790210 0.049062 0.228438
11 0.195527 0.745921 0.047619 0.139860
11 0.179654 0.378788 0.033189 0.102564
11 0.212843 0.377040 0.034632 0.103730
10 0.759019 0.376457 0.031746 0.111888
10 0.786436 0.377040 0.030303 0.103730
7 0.243146 0.741259 0.053391 0.137529
7 0.296537 0.743590 0.046176 0.125874
7 0.341270 0.745921 0.046176 0.130536
7 0.396104 0.736597 0.046176 0.130536
5 0.444084 0.748252 0.046898 0.149184
5 0.490260 0.751166 0.046898 0.129371
4 0.544012 0.741259 0.040404 0.128205
4 0.588745 0.745921 0.044733 0.142191
3 0.637807 0.741259 0.047619 0.156177
3 0.688312 0.738928 0.050505 0.137529
3 0.740260 0.741259 0.041847 0.123543
0 0.789322 0.745921 0.043290 0.139860
0 0.844156 0.748252 0.050505 0.139860
7 0.469697 0.136364 0.023088 0.060606
7 0.494589 0.138695 0.023810 0.062937
5 0.518038 0.136364 0.027417 0.062937
