0 0.551227 0.553404 0.036075 0.113850
1 0.514791 0.549296 0.032468 0.105634
2 0.488817 0.542254 0.023810 0.093897
3 0.455267 0.546362 0.024531 0.102113
4 0.429654 0.549296 0.032468 0.105634
11 0.250361 0.751174 0.051948 0.131455
11 0.297980 0.747066 0.044733 0.132629
8 0.348485 0.747653 0.040404 0.131455
8 0.393218 0.739437 0.038961 0.140845
7 0.446970 0.751761 0.036797 0.139671
7 0.497475 0.750587 0.046898 0.137324
6 0.544012 0.747066 0.043290 0.127934
6 0.593074 0.747066 0.040404 0.142019
4 0.643579 0.743545 0.041847 0.142019
0 0.689755 0.742371 0.041847 0.125587
12 0.474387 0.134390 0.023810 0.059859
10 0.494589 0.134977 0.018038 0.061033
5 0.519481 0.139085 0.027417 0.062207
