14 0.097129 0.486857 0.199111 0.950000
11 0.139574 0.486857 0.199111 0.950000
10 0.182018 0.486857 0.199111 0.950000
10 0.224463 0.486857 0.199111 0.950000
10 0.266907 0.486857 0.199111 0.950000
10 0.309352 0.486857 0.199111 0.950000
8 0.351685 0.486857 0.199111 0.950000
7 0.394129 0.486857 0.199111 0.950000
7 0.436574 0.486857 0.199111 0.950000
7 0.479018 0.486857 0.199111 0.950000
6 0.521463 0.486857 0.199111 0.950000
6 0.563907 0.486857 0.199111 0.950000
3 0.606352 0.486857 0.199111 0.950000
3 0.648685 0.486857 0.199111 0.950000
3 0.691129 0.486857 0.199111 0.950000
1 0.733574 0.486857 0.199111 0.950000
1 0.776018 0.486857 0.199111 0.950000
1 0.818463 0.486857 0.199111 0.950000
1 0.860907 0.486857 0.199111 0.950000
0 0.903352 0.486857 0.199111 0.950000
