14 0.039913 0.763711 0.030479 0.192532
13 0.084906 0.767795 0.029028 0.191365
11 0.136430 0.709452 0.037736 0.081680
0 0.841800 0.713536 0.037736 0.075846
0 0.890784 0.709452 0.032656 0.077013
9 0.183237 0.709452 0.038462 0.084014
9 0.229681 0.709452 0.037010 0.086348
8 0.276488 0.712369 0.033382 0.080513
7 0.323295 0.709452 0.041364 0.079347
7 0.372279 0.712369 0.039187 0.080513
7 0.419086 0.709452 0.041364 0.079347
7 0.465893 0.713536 0.039187 0.082847
5 0.514877 0.713536 0.031205 0.071179
5 0.561321 0.713536 0.039913 0.078180
4 0.603774 0.712369 0.031930 0.066511
4 0.656749 0.709452 0.030479 0.065344
3 0.704282 0.708285 0.035559 0.072345
3 0.750726 0.709452 0.035559 0.077013
3 0.797533 0.712369 0.030479 0.080513
