14 0.091631 0.773893 0.031746 0.195804
13 0.142136 0.792541 0.031746 0.233100
11 0.195527 0.713287 0.040404 0.083916
7 0.246032 0.720280 0.044733 0.079254
7 0.293651 0.715618 0.038961 0.083916
7 0.344156 0.717949 0.036075 0.076923
7 0.395022 0.717949 0.035354 0.079254
5 0.442280 0.717949 0.033189 0.076923
5 0.494589 0.715618 0.035354 0.076923
4 0.542569 0.717949 0.037518 0.076923
4 0.591631 0.713287 0.031746 0.079254
3 0.640693 0.715618 0.034632 0.081585
3 0.692641 0.715618 0.036075 0.074592
3 0.740260 0.713287 0.036075 0.072261
0 0.791126 0.715618 0.031025 0.079254
0 0.837302 0.717949 0.032468 0.074592
