12 0.115274 0.703811 0.036023 0.079677
12 0.162104 0.703811 0.034582 0.068129
11 0.211816 0.703811 0.037464 0.079677
11 0.260807 0.707275 0.038905 0.075058
9 0.310159 0.707275 0.036744 0.081986
8 0.357349 0.699192 0.033141 0.077367
8 0.407781 0.703811 0.037464 0.072748
6 0.457493 0.708430 0.040346 0.079677
6 0.505764 0.707275 0.031700 0.075058
5 0.555836 0.705543 0.033862 0.076212
4 0.605548 0.705543 0.035303 0.076212
4 0.652378 0.705543 0.036744 0.073903
3 0.704611 0.703811 0.037464 0.068129
3 0.754323 0.708430 0.034582 0.075058
2 0.804035 0.703811 0.036023 0.070439
0 0.850865 0.705543 0.034582 0.076212
0 0.898055 0.703811 0.028098 0.068129
